Freq	Ohm	Deg
20.0000	6.3082	6.8021
20.1912	6.3149	6.8888
20.3842	6.3175	6.9747
20.5790	6.3252	7.0474
20.7757	6.3286	7.0378
20.9743	6.3301	7.0954
21.1748	6.3337	7.1564
21.3772	6.3356	7.1547
21.5815	6.3335	7.2535
21.7878	6.3382	7.3841
21.9960	6.3412	7.4677
22.2063	6.3470	7.5273
22.4185	6.3495	7.5588
22.6328	6.3528	7.6161
22.8492	6.3553	7.6644
23.0676	6.3577	7.7047
23.2881	6.3586	7.7606
23.5107	6.3603	7.8676
23.7354	6.3650	7.9211
23.9623	6.3659	7.9296
24.1913	6.3657	8.0124
24.4225	6.3680	8.0921
24.6560	6.3685	8.1607
24.8916	6.3700	8.2759
25.1296	6.3734	8.3852
25.3698	6.3773	8.4662
25.6123	6.3808	8.5549
25.8571	6.3858	8.6208
26.1042	6.3886	8.6723
26.3537	6.3919	8.7401
26.6056	6.3945	8.8053
26.8599	6.3971	8.8841
27.1167	6.4001	8.9665
27.3759	6.4034	9.0360
27.6375	6.4058	9.1270
27.9017	6.4104	9.2183
28.1684	6.4144	9.2657
28.4377	6.4168	9.2970
28.7095	6.4170	9.3916
28.9839	6.4212	9.4811
29.2609	6.4223	9.5496
29.5406	6.4251	9.6493
29.8230	6.4276	9.7558
30.1080	6.4322	9.8448
30.3958	6.4348	9.9250
30.6864	6.4390	10.0045
30.9797	6.4412	10.0807
31.2758	6.4445	10.1797
31.5747	6.4478	10.2531
31.8765	6.4496	10.3514
32.1812	6.4534	10.4875
32.4888	6.4589	10.5923
32.7994	6.4638	10.6542
33.1129	6.4669	10.7412
33.4294	6.4720	10.8151
33.7489	6.4743	10.8593
34.0715	6.4756	10.9420
34.3972	6.4772	11.0498
34.7260	6.4794	11.1733
35.0579	6.4828	11.2906
35.3930	6.4859	11.4075
35.7313	6.4899	11.5324
36.0728	6.4944	11.6612
36.4176	6.5003	11.7654
36.7657	6.5045	11.8525
37.1171	6.5088	11.9489
37.4719	6.5124	12.0475
37.8301	6.5161	12.1541
38.1917	6.5195	12.2675
38.5567	6.5231	12.3968
38.9253	6.5276	12.5307
39.2973	6.5326	12.6584
39.6730	6.5379	12.7811
40.0522	6.5431	12.9010
40.4350	6.5483	13.0304
40.8215	6.5545	13.1517
41.2117	6.5600	13.2594
41.6056	6.5653	13.3646
42.0033	6.5696	13.4771
42.4048	6.5742	13.5982
42.8101	6.5784	13.7239
43.2193	6.5828	13.8667
43.6324	6.5878	14.0229
44.0495	6.5941	14.1730
44.4705	6.6003	14.3103
44.8956	6.6066	14.4469
45.3247	6.6129	14.5814
45.7579	6.6189	14.7143
46.1953	6.6248	14.8472
46.6369	6.6302	14.9913
47.0826	6.6360	15.1476
47.5327	6.6421	15.3171
47.9870	6.6497	15.4826
48.4457	6.6570	15.6334
48.9087	6.6643	15.7916
49.3762	6.6721	15.9466
49.8482	6.6797	16.0801
50.3247	6.6856	16.2223
50.8057	6.6918	16.3974
51.2913	6.6990	16.5710
51.7816	6.7057	16.7475
52.2765	6.7131	16.9436
52.7762	6.7215	17.1434
53.2807	6.7307	17.3404
53.7899	6.7403	17.5378
54.3041	6.7507	17.7295
54.8231	6.7612	17.9123
55.3472	6.7717	18.0848
55.8762	6.7812	18.2569
56.4103	6.7905	18.4463
56.9495	6.8001	18.6521
57.4938	6.8105	18.8636
58.0434	6.8211	19.0814
58.5982	6.8328	19.3097
59.1583	6.8455	19.5291
59.7237	6.8582	19.7377
60.2946	6.8710	19.9465
60.8709	6.8839	20.1496
61.4528	6.8960	20.3518
62.0401	6.9077	20.5764
62.6331	6.9201	20.8174
63.2318	6.9329	21.0743
63.8362	6.9473	21.3525
64.4464	6.9635	21.6281
65.0624	6.9809	21.8878
65.6843	6.9986	22.1402
66.3121	7.0169	22.3827
66.9460	7.0347	22.6137
67.5859	7.0522	22.8220
68.2319	7.0665	23.0610
68.8841	7.0825	23.3555
69.5425	7.0996	23.6611
70.2072	7.1182	23.9874
70.8783	7.1391	24.3453
71.5558	7.1641	24.6789
72.2397	7.1891	24.9658
72.9302	7.2139	25.2562
73.6273	7.2395	25.5367
74.3311	7.2641	25.7878
75.0416	7.2861	26.0649
75.7588	7.3088	26.3957
76.4830	7.3327	26.7701
77.2140	7.3604	27.1515
77.9521	7.3888	27.5480
78.6972	7.4218	27.9534
79.4494	7.4562	28.3328
80.2088	7.4928	28.6831
80.9755	7.5283	29.0216
81.7495	7.5650	29.3362
82.5309	7.5977	29.6591
83.3197	7.6313	30.0538
84.1161	7.6668	30.4761
84.9201	7.7040	30.9365
85.7318	7.7451	31.4757
86.5513	7.7949	32.0068
87.3786	7.8474	32.4682
88.2138	7.9016	32.9157
89.0570	7.9578	33.3467
89.9082	8.0149	33.6964
90.7676	8.0647	34.0718
91.6352	8.1166	34.5673
92.5111	8.1721	35.0985
93.3953	8.2302	35.6829
94.2881	8.2948	36.3805
95.1893	8.3728	37.0673
96.0992	8.4550	37.6794
97.0177	8.5421	38.2936
97.9450	8.6336	38.9679
98.8812	8.7374	39.6201
99.8264	8.8436	40.2405
100.7806	8.9592	40.8895
101.7439	9.0824	41.5176
102.7164	9.2153	42.0170
103.6982	9.3422	42.3638
104.6894	9.4591	42.9289
105.6900	9.5974	43.5532
106.7003	9.7299	44.1094
107.7202	9.8699	44.8795
108.7498	10.0283	45.8866
109.7893	10.2251	46.7381
110.8387	10.4182	47.5246
111.8981	10.6441	48.4382
112.9677	10.8910	49.1458
114.0475	11.1478	49.5258
115.1376	11.3793	50.0061
116.2381	11.6350	50.8200
117.3492	11.9118	51.6848
118.4708	12.2121	52.8038
119.6032	12.5699	54.2984
120.7465	13.0197	55.6975
121.9006	13.5265	56.7765
123.0658	14.0955	57.7460
124.2421	14.7398	58.2947
125.4296	15.4028	58.1903
126.6286	16.0295	58.3371
127.8389	16.7404	59.0397
129.0609	17.5450	59.8241
130.2945	18.4678	60.7551
131.5399	19.5495	62.2360
132.7972	20.9706	63.5985
134.0665	22.6492	64.2471
135.3480	24.6591	64.5283
136.6417	27.0837	64.0469
137.9478	29.9495	61.2345
139.2663	32.6664	57.4225
140.5975	35.7415	53.8569
141.9414	39.1182	48.4671
143.2981	42.3046	41.1301
144.6678	45.0091	33.5203
146.0506	47.6329	24.4181
147.4466	48.9887	13.1237
148.8560	48.8614	2.1976
150.2788	47.6485	-7.3588
151.7152	45.7120	-15.3352
153.1654	43.4666	-21.2863
154.6294	41.4640	-26.3865
156.1074	39.3679	-31.5409
157.5996	37.2355	-35.9542
159.1060	35.2616	-40.4505
160.6268	33.0881	-45.4971
162.1621	30.6912	-49.3992
163.7121	28.4850	-51.8216
165.2770	26.4813	-53.9036
166.8567	24.5503	-54.8730
168.4516	22.9882	-54.4170
170.0618	21.7781	-54.3351
171.6873	20.6529	-54.7722
173.3283	19.6390	-55.0008
174.9851	18.7349	-55.4206
176.6577	17.8604	-56.4549
178.3462	16.9116	-57.0500
180.0509	16.0641	-56.7421
181.7719	15.2995	-56.1792
183.5094	14.6183	-55.2520
185.2634	14.0367	-53.8642
187.0343	13.5854	-52.5932
188.8220	13.1844	-51.7881
190.6269	12.8181	-51.1617
192.4489	12.4765	-50.7264
194.2884	12.1438	-50.6875
196.1455	11.7710	-50.5102
198.0204	11.4259	-49.8493
199.9131	11.1075	-49.0659
201.8240	10.8164	-48.1542
203.7531	10.5557	-46.9783
205.7007	10.3507	-45.8746
207.6668	10.1605	-45.0624
209.6518	9.9848	-44.3065
211.6557	9.8219	-43.6735
213.6788	9.6620	-43.3062
215.7213	9.4817	-42.8590
217.7832	9.3146	-42.1380
219.8649	9.1590	-41.3680
221.9664	9.0158	-40.5312
224.0881	8.8874	-39.5617
226.2300	8.7854	-38.6574
228.3924	8.6904	-37.9359
230.5755	8.6024	-37.2882
232.7794	8.5176	-36.7281
235.0044	8.4337	-36.3036
237.2507	8.3396	-35.8448
239.5184	8.2512	-35.2554
241.8078	8.1668	-34.6509
244.1191	8.0876	-34.0271
246.4525	8.0131	-33.3745
248.8082	7.9455	-32.6460
251.1864	7.8906	-31.9542
253.5874	7.8394	-31.3664
256.0113	7.7916	-30.8179
258.4583	7.7463	-30.3306
260.9288	7.7007	-29.9386
263.4228	7.6492	-29.5258
265.9407	7.6003	-29.0272
268.4827	7.5544	-28.5236
271.0490	7.5106	-28.0016
273.6398	7.4711	-27.4270
276.2553	7.4394	-26.8915
278.8959	7.4088	-26.4266
281.5617	7.3803	-25.9722
284.2530	7.3540	-25.5635
286.9700	7.3271	-25.2330
289.7130	7.2957	-24.8712
292.4822	7.2678	-24.4565
295.2778	7.2411	-24.0856
298.1002	7.2133	-23.7022
300.9496	7.1882	-23.2624
303.8262	7.1679	-22.8562
306.7303	7.1474	-22.5065
309.6621	7.1271	-22.1364
312.6220	7.1098	-21.7837
315.6102	7.0921	-21.5006
318.6269	7.0715	-21.2077
321.6725	7.0521	-20.8785
324.7472	7.0337	-20.5569
327.8512	7.0155	-20.2307
330.9850	6.9988	-19.8787
334.1487	6.9853	-19.5410
337.3426	6.9723	-19.2398
340.5671	6.9599	-18.9535
343.8223	6.9478	-18.6888
347.1087	6.9352	-18.4563
350.4265	6.9207	-18.2278
353.7761	6.9056	-17.9678
357.1576	6.8917	-17.6976
360.5715	6.8781	-17.4263
364.0179	6.8655	-17.1344
367.4974	6.8555	-16.8560
371.0101	6.8457	-16.6168
374.5563	6.8355	-16.3870
378.1365	6.8256	-16.1679
381.7509	6.8149	-15.9764
385.3998	6.8024	-15.7731
389.0836	6.7903	-15.5391
392.8027	6.7793	-15.3197
396.5572	6.7673	-15.1102
400.3477	6.7554	-14.8841
404.1744	6.7440	-14.6370
408.0376	6.7346	-14.4106
411.9378	6.7237	-14.1904
415.8753	6.7143	-13.9452
419.8504	6.7062	-13.7217
423.8635	6.6978	-13.5327
427.9150	6.6877	-13.3334
432.0052	6.6787	-13.1212
436.1344	6.6692	-12.9175
440.3032	6.6598	-12.6992
444.5118	6.6510	-12.4622
448.7606	6.6440	-12.2338
453.0501	6.6369	-12.0156
457.3805	6.6309	-11.8017
461.7523	6.6248	-11.6004
466.1659	6.6189	-11.4153
470.6218	6.6119	-11.2294
475.1201	6.6054	-11.0342
479.6615	6.5987	-10.8406
484.2463	6.5922	-10.6385
488.8750	6.5862	-10.4265
493.5478	6.5814	-10.2208
498.2654	6.5765	-10.0254
503.0280	6.5722	-9.8312
507.8361	6.5680	-9.6485
512.6903	6.5637	-9.4809
517.5908	6.5584	-9.3089
522.5381	6.5534	-9.1190
527.5327	6.5490	-8.9335
532.5751	6.5444	-8.7547
537.6657	6.5399	-8.5582
542.8049	6.5367	-8.3579
547.9933	6.5340	-8.1753
553.2312	6.5312	-8.0012
558.5192	6.5285	-7.8275
563.8578	6.5260	-7.6617
569.2474	6.5231	-7.5024
574.6885	6.5199	-7.3357
580.1816	6.5170	-7.1594
585.7272	6.5147	-6.9913
591.3258	6.5120	-6.8306
596.9780	6.5093	-6.6535
602.6841	6.5077	-6.4799
608.4448	6.5059	-6.3200
614.2606	6.5041	-6.1526
620.1319	6.5030	-5.9901
626.0594	6.5016	-5.8439
632.0435	6.4996	-5.6869
638.0849	6.4985	-5.5307
644.1840	6.4967	-5.3822
650.3413	6.4951	-5.2259
656.5576	6.4935	-5.0602
662.8332	6.4931	-4.9049
669.1688	6.4917	-4.7508
675.5650	6.4915	-4.5939
682.0224	6.4908	-4.4438
688.5414	6.4908	-4.3032
695.1228	6.4897	-4.1661
701.7670	6.4890	-4.0172
708.4748	6.4884	-3.8703
715.2467	6.4879	-3.7284
722.0833	6.4870	-3.5793
728.9853	6.4870	-3.4232
735.9533	6.4872	-3.2780
742.9878	6.4875	-3.1371
750.0896	6.4877	-2.9955
757.2592	6.4881	-2.8553
764.4974	6.4886	-2.7237
771.8048	6.4886	-2.5885
779.1821	6.4890	-2.4536
786.6298	6.4890	-2.3211
794.1487	6.4893	-2.1785
801.7395	6.4899	-2.0313
809.4029	6.4913	-1.8978
817.1395	6.4920	-1.7665
824.9500	6.4933	-1.6302
832.8353	6.4947	-1.5106
840.7958	6.4954	-1.3926
848.8325	6.4960	-1.2625
856.9460	6.4971	-1.1326
865.1371	6.4983	-1.0086
873.4064	6.4994	-0.8812
881.7548	6.5010	-0.7583
890.1829	6.5023	-0.6449
898.6917	6.5034	-0.5261
907.2817	6.5050	-0.4027
915.9539	6.5070	-0.2954
924.7090	6.5084	-0.1975
933.5477	6.5097	-0.0952
942.4710	6.5113	-0.0120
951.4795	6.5117	0.0438
960.5741	6.5106	0.0741
969.7557	6.5066	0.0731
979.0250	6.4980	0.0775
988.3829	6.4859	0.1621
997.8303	6.4746	0.3327
1007.3680	6.4647	0.5636
1016.9970	6.4585	0.8546
1026.7180	6.4576	1.1510
1036.5310	6.4603	1.3929
1046.4390	6.4638	1.5890
1056.4410	6.4678	1.7660
1066.5390	6.4721	1.9221
1076.7340	6.4756	2.0758
1087.0260	6.4799	2.2197
1097.4160	6.4830	2.3534
1107.9050	6.4861	2.4957
1118.4950	6.4890	2.6452
1129.1860	6.4926	2.7946
1139.9790	6.4960	2.9480
1150.8760	6.5005	3.1037
1161.8760	6.5052	3.2388
1172.9820	6.5095	3.3651
1184.1940	6.5136	3.4914
1195.5130	6.5174	3.6185
1206.9400	6.5213	3.7356
1218.4770	6.5240	3.8609
1230.1230	6.5274	3.9999
1241.8810	6.5308	4.1356
1253.7520	6.5344	4.2721
1265.7360	6.5381	4.4156
1277.8340	6.5426	4.5540
1290.0480	6.5467	4.6891
1302.3790	6.5515	4.8268
1314.8280	6.5563	4.9527
1327.3950	6.5609	5.0698
1340.0830	6.5648	5.1960
1352.8920	6.5694	5.3218
1365.8240	6.5733	5.4385
1378.8790	6.5770	5.5666
1392.0590	6.5809	5.7039
1405.3640	6.5853	5.8425
1418.7970	6.5899	5.9813
1432.3590	6.5950	6.1166
1446.0500	6.6001	6.2499
1459.8720	6.6057	6.3713
1473.8260	6.6103	6.4817
1487.9130	6.6145	6.6035
1502.1360	6.6187	6.7427
1516.4940	6.6239	6.8792
1530.9890	6.6285	7.0191
1545.6230	6.6344	7.1709
1560.3960	6.6410	7.3056
1575.3110	6.6473	7.4243
1590.3690	6.6532	7.5431
1605.5700	6.6591	7.6633
1620.9170	6.6647	7.7715
1636.4100	6.6692	7.8933
1652.0520	6.6747	8.0226
1667.8430	6.6794	8.1528
1683.7850	6.6849	8.2985
1699.8790	6.6909	8.4525
1716.1270	6.6983	8.5944
1732.5310	6.7050	8.7385
1749.0910	6.7134	8.9229
1765.8090	6.7256	9.0234
1782.6880	6.7326	9.0549
1799.7270	6.7377	9.1422
1816.9300	6.7430	9.2482
1834.2970	6.7478	9.3148
1851.8300	6.7483	9.4546
1869.5300	6.7544	9.6584
1887.4000	6.7614	9.8208
1905.4410	6.7700	9.9546
1923.6540	6.7773	10.0683
1942.0410	6.7846	10.1864
1960.6030	6.7915	10.2984
1979.3440	6.7979	10.4067
1998.2630	6.8033	10.5332
2017.3630	6.8097	10.6729
2036.6460	6.8161	10.8059
2056.1130	6.8226	10.9559
2075.7660	6.8305	11.1036
2095.6070	6.8382	11.2360
2115.6380	6.8459	11.3780
2135.8600	6.8544	11.5235
2156.2760	6.8635	11.6512
2176.8860	6.8717	11.7621
2197.6940	6.8790	11.8843
2218.7000	6.8866	12.0177
2239.9080	6.8940	12.1608
2261.3180	6.9021	12.3183
2282.9320	6.9110	12.4864
2304.7530	6.9214	12.6572
2326.7830	6.9329	12.8201
2349.0230	6.9455	12.9729
2371.4760	6.9586	13.1154
2394.1440	6.9726	13.2315
2417.0280	6.9853	13.3427
2440.1310	6.9991	13.4556
2463.4550	7.0126	13.5357
2487.0020	7.0249	13.5867
2510.7730	7.0349	13.6472
2534.7720	7.0452	13.6935
2559.0010	7.0521	13.7139
2583.4610	7.0566	13.7589
2608.1550	7.0595	13.8414
2633.0840	7.0627	13.9418
2658.2520	7.0648	14.0608
2683.6610	7.0678	14.2163
2709.3130	7.0720	14.3872
2735.2090	7.0776	14.5598
2761.3540	7.0840	14.7447
2787.7480	7.0926	14.9286
2814.3940	7.1017	15.0982
2841.2950	7.1117	15.2657
2868.4540	7.1222	15.4332
2895.8720	7.1338	15.5858
2923.5510	7.1450	15.7109
2951.4960	7.1547	15.8463
2979.7080	7.1651	15.9974
3008.1890	7.1755	16.1518
3036.9420	7.1865	16.3226
3065.9710	7.1989	16.5172
3095.2770	7.2144	16.6996
3124.8620	7.2308	16.8258
3154.7310	7.2458	16.9088
3184.8850	7.2587	16.9696
3215.3280	7.2688	17.0190
3246.0610	7.2756	17.0911
3277.0880	7.2809	17.2276
3308.4120	7.2880	17.4069
3340.0350	7.2965	17.6083
3371.9610	7.3079	17.8190
3404.1910	7.3213	18.0086
3436.7300	7.3356	18.1735
3469.5800	7.3499	18.3284
3502.7430	7.3649	18.4578
3536.2240	7.3779	18.5654
3570.0250	7.3895	18.6944
3604.1490	7.4011	18.8504
3638.5980	7.4137	19.0091
3673.3780	7.4261	19.1803
3708.4890	7.4402	19.3747
3743.9370	7.4564	19.5476
3779.7230	7.4724	19.6966
3815.8510	7.4885	19.8433
3852.3240	7.5047	19.9830
3889.1460	7.5206	20.1158
3926.3210	7.5363	20.2265
3963.8500	7.5496	20.3330
4001.7380	7.5621	20.4734
4039.9880	7.5752	20.6357
4078.6040	7.5890	20.8042
4117.5890	7.6034	20.9931
4156.9470	7.6204	21.1848
4196.6810	7.6384	21.3499
4236.7940	7.6564	21.4971
4277.2910	7.6742	21.6330
4318.1750	7.6915	21.7462
4359.4500	7.7063	21.8608
4401.1200	7.7206	22.0101
4443.1870	7.7355	22.1789
4485.6570	7.7512	22.3544
4528.5330	7.7676	22.5564
4571.8180	7.7872	22.7632
4615.5180	7.8083	22.9298
4659.6350	7.8288	23.0738
4704.1740	7.8491	23.2105
4749.1380	7.8688	23.3183
4794.5320	7.8853	23.4372
4840.3600	7.9022	23.5914
4886.6260	7.9192	23.7562
4933.3350	7.9369	23.9394
4980.4900	7.9561	24.1488
5028.0950	7.9787	24.3386
5076.1560	8.0008	24.4965
5124.6760	8.0234	24.6519
5173.6600	8.0457	24.8029
5223.1120	8.0685	24.9428
5273.0360	8.0904	25.0527
5323.4380	8.1096	25.1730
5374.3220	8.1289	25.3232
5425.6920	8.1483	25.4835
5477.5530	8.1682	25.6567
5529.9090	8.1889	25.8616
5582.7670	8.2132	26.0632
5636.1290	8.2381	26.2303
5690.0010	8.2631	26.3911
5744.3890	8.2886	26.5448
5799.2960	8.3143	26.6538
5854.7280	8.3357	26.7662
5910.6900	8.3576	26.9240
5967.1870	8.3799	27.0831
6024.2240	8.4021	27.2557
6081.8060	8.4255	27.4729
6139.9380	8.4535	27.6771
6198.6260	8.4814	27.8473
6257.8750	8.5106	28.0113
6317.6900	8.5400	28.1374
6378.0780	8.5673	28.2235
6439.0420	8.5904	28.3401
6500.5890	8.6148	28.4866
6562.7240	8.6377	28.6403
6625.4530	8.6617	28.8354
6688.7820	8.6881	29.0650
6752.7160	8.7192	29.2741
6817.2620	8.7505	29.4472
6882.4240	8.7828	29.6052
6948.2090	8.8146	29.7524
7014.6230	8.8469	29.8882
7081.6710	8.8783	29.9762
7149.3610	8.9048	30.0728
7217.6970	8.9310	30.2268
7286.6870	8.9587	30.3908
7356.3360	8.9862	30.5694
7426.6510	9.0159	30.7857
7497.6380	9.0498	30.9941
7569.3040	9.0853	31.1590
7641.6540	9.1201	31.3077
7714.6960	9.1557	31.4407
7788.4360	9.1898	31.5346
7862.8820	9.2200	31.6363
7938.0380	9.2495	31.7762
8013.9130	9.2792	31.9369
8090.5140	9.3096	32.1250
8167.8460	9.3425	32.3531
8245.9180	9.3808	32.5691
8324.7350	9.4203	32.7425
8404.3070	9.4606	32.8969
8484.6390	9.5013	33.0148
8565.7380	9.5394	33.0900
8647.6130	9.5729	33.1806
8730.2710	9.6057	33.3154
8813.7180	9.6387	33.4723
8897.9630	9.6725	33.6546
8983.0140	9.7085	33.8859
9068.8770	9.7514	34.1016
9155.5610	9.7946	34.2660
9243.0740	9.8387	34.4128
9331.4230	9.8822	34.5503
9420.6160	9.9266	34.6644
9510.6620	9.9682	34.7300
9601.5690	10.0043	34.8155
9693.3450	10.0395	34.9518
9785.9980	10.0740	35.1930
9879.5370	10.1203	35.4698
9973.9690	10.1697	35.7164
10069.3000	10.2279	35.9145
10165.5500	10.2855	36.0243
10262.7200	10.3437	35.9821
10360.8100	10.3825	35.9294
10459.8500	10.4211	36.0181
10559.8300	10.4594	36.1375
10660.7600	10.4992	36.2835
10762.6600	10.5405	36.4845
10865.5300	10.5905	36.6727
10969.3900	10.6403	36.7903
11074.2400	10.6893	36.9014
11180.0900	10.7388	37.0031
11286.9600	10.7875	37.0393
11394.8400	10.8272	37.0878
11503.7600	10.8673	37.2252
11613.7200	10.9102	37.3731
11724.7300	10.9529	37.5410
11836.8000	10.9999	37.7824
11949.9400	11.0575	37.9886
12064.1600	11.1150	38.0945
12179.4700	11.1699	38.1960
12295.8900	11.2266	38.2716
12413.4200	11.2785	38.2741
12532.0700	11.3213	38.3149
12651.8600	11.3644	38.4415
12772.7900	11.4100	38.5841
12894.8800	11.4560	38.7477
13018.1300	11.5059	38.9685
13142.5600	11.5647	39.1699
13268.1900	11.6248	39.3100
13395.0100	11.6856	39.4240
13523.0400	11.7455	39.5265
13652.3000	11.8060	39.6088
13782.8000	11.8642	39.6316
13914.5400	11.9138	39.6703
14047.5400	11.9631	39.7775
14181.8100	12.0136	39.8989
14317.3700	12.0638	40.0517
14454.2200	12.1184	40.2743
14592.3800	12.1836	40.4726
14731.8600	12.2496	40.6054
14872.6700	12.3171	40.7087
15014.8300	12.3828	40.7847
15158.3500	12.4476	40.8107
15303.2400	12.5030	40.8428
15449.5100	12.5581	40.9410
15597.1900	12.6138	41.0707
15746.2700	12.6726	41.2162
15896.7800	12.7329	41.4089
16048.7300	12.8040	41.5930
16202.1300	12.8760	41.7007
16357.0000	12.9470	41.7994
16513.3400	13.0197	41.8798
16671.1800	13.0905	41.8794
16830.5300	13.1490	41.9018
16991.4100	13.2091	42.0234
17153.8200	13.2735	42.1429
17317.7800	13.3368	42.2674
17483.3100	13.4035	42.4747
17650.4200	13.4843	42.6564
17819.1300	13.5651	42.7295
17989.4600	13.6420	42.8017
18161.4100	13.7217	42.8703
18335.0000	13.7993	42.8487
18510.2500	13.8633	42.8491
18687.1800	13.9291	42.9373
18865.8000	13.9966	43.0237
19046.1300	14.0627	43.1333
19228.1800	14.1326	43.3237
19411.9700	14.2161	43.4980
19597.5200	14.3005	43.6051
19784.8400	14.3871	43.6969
19973.9500	14.4747	43.7571
20164.8700	14.5610	43.7466
20357.6200	14.6358	43.7463
20552.2000	14.7114	43.8296
20748.6500	14.7914	43.9208
20946.9700	14.8723	44.0164
21147.1900	14.9578	44.1680
21349.3300	15.0573	44.2709
21553.3900	15.1544	44.2572
21759.4100	15.2453	44.2250
21967.3900	15.3349	44.1522
22177.3700	15.4128	44.0102
22389.3500	15.4749	43.9176
22603.3500	15.5337	43.9170
22819.4100	15.5917	43.9782
23037.5200	15.6542	44.0911
23257.7300	15.7225	44.2623
23480.0300	15.8059	44.3981
23704.4600	15.8874	44.4611
23931.0400	15.9697	44.5036
24159.7800	16.0475	44.5412
24390.7100	16.1261	44.5452
24623.8500	16.1913	44.5922
24859.2100	16.2642	44.7406
25096.8300	16.3435	44.8863
25336.7100	16.4265	45.0472
25578.8900	16.5178	45.2640
25823.3900	16.6260	45.4586
26070.2200	16.7401	45.5655
26319.4100	16.8558	45.6601
26570.9800	16.9825	45.6480
26824.9600	17.0936	45.5009
27081.3600	17.1903	45.3532
27340.2100	17.2754	45.2042
27601.5400	17.3455	45.0536
27865.3700	17.3985	45.0392
28131.7200	17.4617	45.1834
28400.6100	17.5384	45.3470
28672.0800	17.6242	45.5118
28946.1400	17.7224	45.6688
29222.8200	17.8301	45.7527
29502.1400	17.9374	45.7139
29784.1300	18.0284	45.6488
30068.8200	18.1152	45.6374
30356.2300	18.1994	45.6342
30646.3900	18.2792	45.6560
30939.3200	18.3597	45.7487
31235.0500	18.4516	45.8463
31533.6100	18.5445	45.8880
31835.0200	18.6347	45.9193
32139.3100	18.7238	45.9572
32446.5100	18.8120	45.9719
32756.6500	18.8913	46.0261
33069.7500	18.9773	46.1505
33385.8500	19.0698	46.2723
33704.9600	19.1653	46.4083
34027.1300	19.2697	46.5994
34352.3700	19.3930	46.7233
34680.7300	19.5098	46.7814
35012.2200	19.6322	46.8490
35346.8800	19.7561	46.8542
35684.7400	19.8731	46.7860
36025.8300	19.9744	46.7360
36370.1800	20.0746	46.7381
36717.8200	20.1716	46.7662
37068.7900	20.2719	46.8180
37423.1100	20.3732	46.8971
37780.8100	20.4842	46.9613
38141.9400	20.5919	46.9943
38506.5100	20.7008	47.0269
38874.5700	20.8063	47.0701
39246.1500	20.9153	47.1597
39621.2800	21.0343	47.2326
40000.0000	21.1526	47.2702