Freq	dB	Phase
20.0000	53.4377	166.6736
20.1912	53.6009	166.5307
20.3842	53.7661	166.3937
20.5790	53.9302	166.2201
20.7757	54.0918	166.0976
20.9743	54.2588	165.9542
21.1748	54.4205	165.7846
21.3772	54.5844	165.6703
21.5815	54.7498	165.5538
21.7878	54.9172	165.3781
21.9960	55.0793	165.2321
22.2063	55.2476	165.0964
22.4185	55.4122	164.9080
22.6328	55.5769	164.7557
22.8492	55.7430	164.5591
23.0676	55.9035	164.4154
23.2881	56.0721	164.2682
23.5107	56.2348	164.0701
23.7354	56.3994	163.9316
23.9623	56.5659	163.7580
24.1913	56.7304	163.5394
24.4225	56.8916	163.3553
24.6560	57.0548	163.2147
24.8916	57.2196	163.0719
25.1296	57.3859	162.9255
25.3698	57.5542	162.7188
25.6123	57.7174	162.4955
25.8571	57.8810	162.3259
26.1042	58.0463	162.1608
26.3537	58.2127	161.9369
26.6056	58.3738	161.7333
26.8599	58.5384	161.5980
27.1167	58.7064	161.3765
27.3759	58.8675	161.1570
27.6375	59.0325	160.9981
27.9017	59.1982	160.8217
28.1684	59.3660	160.5784
28.4377	59.5269	160.3502
28.7095	59.6921	160.1692
28.9839	59.8563	159.9506
29.2609	60.0200	159.7536
29.5406	60.1854	159.5689
29.8230	60.3524	159.3283
30.1080	60.5148	159.0857
30.3958	60.6787	158.8941
30.6864	60.8444	158.6862
30.9797	61.0098	158.4552
31.2758	61.1746	158.2292
31.5747	61.3402	157.9772
31.8765	61.5021	157.7659
32.1812	61.6701	157.5590
32.4888	61.8355	157.2923
32.7994	62.0002	157.0201
33.1129	62.1620	156.7938
33.4294	62.3288	156.5710
33.7489	62.4934	156.3093
34.0715	62.6587	156.0355
34.3972	62.8205	155.8041
34.7260	62.9887	155.5585
35.0579	63.1521	155.2503
35.3930	63.3143	155.0124
35.7313	63.4808	154.7623
36.0728	63.6446	154.4912
36.4176	63.8107	154.2245
36.7657	63.9753	153.9283
37.1171	64.1388	153.6570
37.4719	64.3044	153.3721
37.8301	64.4674	153.1037
38.1917	64.6351	152.8019
38.5567	64.7965	152.4968
38.9253	64.9627	152.2166
39.2973	65.1261	151.9087
39.6730	65.2910	151.6230
40.0522	65.4567	151.2998
40.4350	65.6197	150.9821
40.8215	65.7846	150.6779
41.2117	65.9491	150.3419
41.6056	66.1120	150.0208
42.0033	66.2768	149.6979
42.4048	66.4403	149.3510
42.8101	66.6032	149.0259
43.2193	66.7679	148.6840
43.6324	66.9305	148.3272
44.0495	67.0935	147.9958
44.4705	67.2581	147.6352
44.8956	67.4200	147.2691
45.3247	67.5832	146.9254
45.7579	67.7472	146.5491
46.1953	67.9091	146.1627
46.6369	68.0712	145.7920
47.0826	68.2335	145.4195
47.5327	68.3962	145.0291
47.9870	68.5576	144.6431
48.4457	68.7207	144.2350
48.9087	68.8803	143.8354
49.3762	69.0432	143.4303
49.8482	69.2024	143.0172
50.3247	69.3645	142.6176
50.8057	69.5251	142.1959
51.2913	69.6866	141.7613
51.7816	69.8460	141.3199
52.2765	70.0061	140.8763
52.7762	70.1643	140.4353
53.2807	70.3240	140.0028
53.7899	70.4835	139.5438
54.3041	70.6420	139.0752
54.8231	70.8000	138.6048
55.3472	70.9575	138.1258
55.8762	71.1140	137.6452
56.4103	71.2704	137.1781
56.9495	71.4280	136.6926
57.4938	71.5839	136.1716
58.0434	71.7375	135.6870
58.5982	71.8946	135.1807
59.1583	72.0471	134.6625
59.7237	72.2025	134.1454
60.2946	72.3542	133.6227
60.8709	72.5087	133.1015
61.4528	72.6606	132.5449
62.0401	72.8116	131.9993
62.6331	72.9621	131.4515
63.2318	73.1119	130.8963
63.8362	73.2608	130.3392
64.4464	73.4094	129.7926
65.0624	73.5590	129.2121
65.6843	73.7047	128.6353
66.3121	73.8527	128.0551
66.9460	73.9969	127.4735
67.5859	74.1437	126.8891
68.2319	74.2870	126.2944
68.8841	74.4323	125.6951
69.5425	74.5741	125.0840
70.2072	74.7170	124.4934
70.8783	74.8595	123.8734
71.5558	75.0001	123.2460
72.2397	75.1400	122.6379
72.9302	75.2810	122.0072
73.6273	75.4193	121.3563
74.3311	75.5567	120.7282
75.0416	75.6949	120.0912
75.7588	75.8317	119.4284
76.4830	75.9667	118.7735
77.2140	76.1021	118.1160
77.9521	76.2359	117.4512
78.6972	76.3699	116.7768
79.4494	76.5019	116.0877
80.2088	76.6329	115.4051
80.9755	76.7635	114.7101
81.7495	76.8922	114.0079
82.5309	77.0202	113.3094
83.3197	77.1474	112.5966
84.1161	77.2726	111.8832
84.9201	77.3975	111.1707
85.7318	77.5211	110.4430
86.5513	77.6429	109.7203
87.3786	77.7646	108.9949
88.2138	77.8847	108.2551
89.0570	78.0033	107.5222
89.9082	78.1217	106.7834
90.7676	78.2384	106.0341
91.6352	78.3540	105.2849
92.5111	78.4684	104.5253
93.3953	78.5809	103.7741
94.2881	78.6935	103.0202
95.1893	78.8044	102.2509
96.0992	78.9139	101.4851
97.0177	79.0225	100.7134
97.9450	79.1295	99.9432
98.8812	79.2362	99.1627
99.8264	79.3403	98.3791
100.7806	79.4441	97.6022
101.7439	79.5465	96.8203
102.7164	79.6482	96.0278
103.6982	79.7478	95.2331
104.6894	79.8468	94.4407
105.6900	79.9443	93.6378
106.7003	80.0403	92.8319
107.7202	80.1348	92.0288
108.7498	80.2286	91.2209
109.7893	80.3205	90.4072
110.8387	80.4112	89.5952
111.8981	80.5007	88.7773
112.9677	80.5887	87.9539
114.0475	80.6750	87.1286
115.1376	80.7598	86.3067
116.2381	80.8438	85.4771
117.3492	80.9255	84.6434
118.4708	81.0060	83.8096
119.6032	81.0846	82.9726
120.7465	81.1618	82.1359
121.9006	81.2372	81.3001
123.0658	81.3115	80.4608
124.2421	81.3836	79.6182
125.4296	81.4542	78.7817
126.6286	81.5234	77.9437
127.8389	81.5910	77.0995
129.0609	81.6564	76.2598
130.2945	81.7206	75.4258
131.5399	81.7833	74.5859
132.7972	81.8440	73.7514
134.0665	81.9036	72.9214
135.3480	81.9615	72.0860
136.6417	82.0176	71.2559
137.9478	82.0724	70.4324
139.2663	82.1258	69.6071
140.5975	82.1776	68.7836
141.9414	82.2280	67.9650
143.2981	82.2770	67.1486
144.6678	82.3246	66.3320
146.0506	82.3706	65.5195
147.4466	82.4154	64.7100
148.8560	82.4586	63.9009
150.2788	82.5004	63.0965
151.7152	82.5409	62.2948
153.1654	82.5800	61.4943
154.6294	82.6175	60.6983
156.1074	82.6538	59.9050
157.5996	82.6885	59.1126
159.1060	82.7218	58.3251
160.6268	82.7537	57.5423
162.1621	82.7842	56.7612
163.7121	82.8131	55.9848
165.2770	82.8408	55.2141
166.8567	82.8671	54.4468
168.4516	82.8920	53.6836
170.0618	82.9154	52.9265
171.6873	82.9377	52.1735
173.3283	82.9585	51.4255
174.9851	82.9781	50.6840
176.6577	82.9963	49.9470
178.3462	83.0133	49.2159
180.0509	83.0291	48.4908
181.7719	83.0436	47.7721
183.5094	83.0569	47.0602
185.2634	83.0691	46.3547
187.0343	83.0802	45.6551
188.8220	83.0902	44.9623
190.6269	83.0991	44.2766
192.4489	83.1071	43.5973
194.2884	83.1140	42.9242
196.1455	83.1199	42.2581
198.0204	83.1249	41.5989
199.9131	83.1290	40.9463
201.8240	83.1322	40.3004
203.7531	83.1345	39.6614
205.7007	83.1360	39.0292
207.6668	83.1366	38.4036
209.6518	83.1365	37.7848
211.6557	83.1356	37.1725
213.6788	83.1340	36.5667
215.7213	83.1316	35.9672
217.7832	83.1285	35.3741
219.8649	83.1247	34.7869
221.9664	83.1203	34.2058
224.0881	83.1151	33.6307
226.2300	83.1093	33.0615
228.3924	83.1027	32.4981
230.5755	83.0955	31.9402
232.7794	83.0876	31.3882
235.0044	83.0790	30.8422
237.2507	83.0698	30.3022
239.5184	83.0599	29.7681
241.8078	83.0492	29.2398
244.1191	83.0379	28.7178
246.4525	83.0260	28.2023
248.8082	83.0133	27.6934
251.1864	83.0001	27.1910
253.5874	82.9862	26.6955
256.0113	82.9718	26.2068
258.4583	82.9567	25.7252
260.9288	82.9411	25.2508
263.4228	82.9250	24.7839
265.9407	82.9084	24.3247
268.4827	82.8914	23.8722
271.0490	82.8740	23.4270
273.6398	82.8561	22.9889
276.2553	82.8379	22.5583
278.8959	82.8194	22.1346
281.5617	82.8005	21.7175
284.2530	82.7813	21.3083
286.9700	82.7619	20.9050
289.7130	82.7421	20.5079
292.4822	82.7222	20.1179
295.2778	82.7020	19.7339
298.1002	82.6815	19.3567
300.9496	82.6609	18.9859
303.8262	82.6401	18.6208
306.7303	82.6190	18.2616
309.6621	82.5978	17.9090
312.6220	82.5764	17.5624
315.6102	82.5548	17.2211
318.6269	82.5331	16.8862
321.6725	82.5112	16.5573
324.7472	82.4892	16.2344
327.8512	82.4671	15.9174
330.9850	82.4448	15.6067
334.1487	82.4226	15.3010
337.3426	82.4001	15.0008
340.5671	82.3776	14.7064
343.8223	82.3551	14.4171
347.1087	82.3324	14.1333
350.4265	82.3097	13.8555
353.7761	82.2869	13.5829
357.1576	82.2640	13.3153
360.5715	82.2411	13.0534
364.0179	82.2182	12.7973
367.4974	82.1953	12.5465
371.0101	82.1723	12.3011
374.5563	82.1494	12.0612
378.1365	82.1264	11.8267
381.7509	82.1035	11.5970
385.3998	82.0806	11.3733
389.0836	82.0579	11.1555
392.8027	82.0351	10.9426
396.5572	82.0125	10.7350
400.3477	81.9900	10.5330
404.1744	81.9677	10.3367
408.0376	81.9455	10.1449
411.9378	81.9235	9.9581
415.8753	81.9018	9.7765
419.8504	81.8803	9.5992
423.8635	81.8590	9.4261
427.9150	81.8379	9.2572
432.0052	81.8172	9.0916
436.1344	81.7965	8.9298
440.3032	81.7762	8.7717
444.5118	81.7561	8.6161
448.7606	81.7362	8.4638
453.0501	81.7164	8.3146
457.3805	81.6969	8.1683
461.7523	81.6775	8.0250
466.1659	81.6583	7.8844
470.6218	81.6393	7.7464
475.1201	81.6204	7.6111
479.6615	81.6016	7.4788
484.2463	81.5829	7.3493
488.8750	81.5644	7.2229
493.5478	81.5460	7.0994
498.2654	81.5278	6.9788
503.0280	81.5097	6.8610
507.8361	81.4917	6.7459
512.6903	81.4739	6.6337
517.5908	81.4561	6.5244
522.5381	81.4386	6.4178
527.5327	81.4212	6.3141
532.5751	81.4039	6.2131
537.6657	81.3867	6.1145
542.8049	81.3697	6.0184
547.9933	81.3528	5.9250
553.2312	81.3361	5.8341
558.5192	81.3194	5.7457
563.8578	81.3029	5.6601
569.2474	81.2865	5.5774
574.6885	81.2702	5.4975
580.1816	81.2541	5.4205
585.7272	81.2382	5.3457
591.3258	81.2223	5.2735
596.9780	81.2066	5.2045
602.6841	81.1911	5.1383
608.4448	81.1757	5.0749
614.2606	81.1605	5.0146
620.1319	81.1455	4.9574
626.0594	81.1308	4.9028
632.0435	81.1162	4.8507
638.0849	81.1019	4.8011
644.1840	81.0878	4.7540
650.3413	81.0740	4.7093
656.5576	81.0603	4.6669
662.8332	81.0470	4.6268
669.1688	81.0339	4.5882
675.5650	81.0211	4.5511
682.0224	81.0084	4.5156
688.5414	80.9960	4.4816
695.1228	80.9837	4.4489
701.7670	80.9717	4.4178
708.4748	80.9598	4.3886
715.2467	80.9480	4.3613
722.0833	80.9364	4.3360
728.9853	80.9251	4.3129
735.9533	80.9139	4.2919
742.9878	80.9029	4.2728
750.0896	80.8922	4.2552
757.2592	80.8817	4.2393
764.4974	80.8713	4.2250
771.8048	80.8612	4.2123
779.1821	80.8513	4.2012
786.6298	80.8416	4.1920
794.1487	80.8321	4.1844
801.7395	80.8228	4.1784
809.4029	80.8137	4.1740
817.1395	80.8048	4.1709
824.9500	80.7961	4.1693
832.8353	80.7877	4.1689
840.7958	80.7794	4.1698
848.8325	80.7713	4.1722
856.9460	80.7634	4.1758
865.1371	80.7557	4.1807
873.4064	80.7481	4.1870
881.7548	80.7407	4.1947
890.1829	80.7335	4.2039
898.6917	80.7264	4.2148
907.2817	80.7195	4.2276
915.9539	80.7127	4.2425
924.7090	80.7061	4.2597
933.5477	80.6997	4.2793
942.4710	80.6934	4.3013
951.4795	80.6874	4.3259
960.5741	80.6816	4.3538
969.7557	80.6760	4.3862
979.0250	80.6705	4.4294
988.3829	80.6655	4.6041
997.8303	80.6772	4.7632
1007.3680	80.6912	4.5208
1016.9970	80.6777	4.0328
1026.7180	80.6378	3.8240
1036.5310	80.5987	4.0437
1046.4390	80.5751	4.3839
1056.4410	80.5559	4.8767
1066.5390	80.5632	5.6514
1076.7340	80.6082	6.1566
1087.0260	80.6515	6.2867
1097.4160	80.6969	6.2743
1107.9050	80.7346	5.9922
1118.4950	80.7483	5.7725
1129.1860	80.7650	5.7173
1139.9790	80.7770	5.7249
1150.8760	80.7966	6.0048
1161.8760	80.8453	6.2647
1172.9820	80.9064	5.9250
1184.1940	80.9358	5.0182
1195.5130	80.9175	4.3245
1206.9400	80.8928	4.2737
1218.4770	80.8911	4.5144
1230.1230	80.9121	4.6926
1241.8810	80.9521	4.3807
1253.7520	80.9663	3.5565
1265.7360	80.9485	2.6319
1277.8340	80.8982	1.8874
1290.0480	80.8342	1.5289
1302.3790	80.7770	1.2252
1314.8280	80.7040	0.8027
1327.3950	80.6140	0.6114
1340.0830	80.5249	0.8912
1352.8920	80.4644	1.2706
1365.8240	80.4090	1.3145
1378.8790	80.3368	1.2231
1392.0590	80.2478	1.3929
1405.3640	80.1624	1.9684
1418.7970	80.0934	2.8676
1432.3590	80.0507	4.0443
1446.0500	80.0446	5.6313
1459.8720	80.1114	7.0017
1473.8260	80.1962	7.7801
1487.9130	80.3012	8.1031
1502.1360	80.3945	7.9629
1516.4940	80.4769	7.5058
1530.9890	80.5337	6.3726
1545.6230	80.5126	5.0621
1560.3960	80.4451	4.6964
1575.3110	80.4045	4.9460
1590.3690	80.3791	4.9434
1605.5700	80.3428	4.5892
1620.9170	80.2762	4.3143
1636.4100	80.2026	4.5237
1652.0520	80.1507	4.5727
1667.8430	80.0631	4.5296
1683.7850	79.9781	4.5368
1699.8790	79.8506	4.7703
1716.1270	79.7319	5.5469
1732.5310	79.6088	6.7381
1749.0910	79.5079	9.3346
1765.8090	79.5437	12.7020
1782.6880	79.6865	14.7066
1799.7270	79.8136	15.4548
1816.9300	79.9214	16.0807
1834.2970	80.0185	16.9324
1851.8300	80.1290	18.3393
1869.5300	80.2999	19.8022
1887.4000	80.5023	20.5677
1905.4410	80.7025	20.4238
1923.6540	80.8476	20.0540
1942.0410	80.9789	19.9861
1960.6030	81.0940	20.5828
1979.3440	81.2735	21.7811
1998.2630	81.5212	21.7116
2017.3630	81.7018	20.2881
2036.6460	81.8089	19.4655
2056.1130	81.9363	19.1543
2075.7660	82.0545	18.5523
2095.6070	82.1571	18.2160
2115.6380	82.2912	17.4588
2135.8600	82.3677	15.7768
2156.2760	82.3635	14.7970
2176.8860	82.3762	15.1748
2197.6940	82.4561	15.5933
2218.7000	82.5466	15.6607
2239.9080	82.6678	15.3265
2261.3180	82.7692	13.9262
2282.9320	82.7853	12.2871
2304.7530	82.7519	11.6965
2326.7830	82.7428	12.3095
2349.0230	82.8087	12.9972
2371.4760	82.8976	13.0474
2394.1440	82.9881	12.7720
2417.0280	83.0726	12.6088
2440.1310	83.1846	12.2641
2463.4550	83.2819	11.3836
2487.0020	83.3562	10.0038
2510.7730	83.3626	9.0479
2534.7720	83.3970	8.6438
2559.0010	83.4257	7.7127
2583.4610	83.4044	7.7951
2608.1550	83.4940	8.6778
2633.0840	83.6381	8.0397
2658.2520	83.7307	5.9733
2683.6610	83.7351	3.6034
2709.3130	83.6659	1.9448
2735.2090	83.5905	0.5325
2761.3540	83.4496	-0.6113
2787.7480	83.3014	-0.1554
2814.3940	83.2522	0.6765
2841.2950	83.2183	0.8217
2868.4540	83.1905	0.7752
2895.8720	83.1512	1.3920
2923.5510	83.1967	2.6215
2951.4960	83.3214	1.7224
2979.7080	83.2942	-0.4340
3008.1890	83.2110	-1.3862
3036.9420	83.1223	-2.0662
3065.9710	82.9836	-2.1796
3095.2770	82.8744	-1.1428
3124.8620	82.8212	0.6227
3154.7310	82.8627	2.1807
3184.8850	82.9303	2.8703
3215.3280	82.9936	3.5822
3246.0610	83.0994	4.5251
3277.0880	83.2487	4.0363
3308.4120	83.2793	3.4722
3340.0350	83.3528	3.7492
3371.9610	83.4059	4.1403
3404.1910	83.5006	5.1353
3436.7300	83.6371	6.9612
3469.5800	83.9188	8.6306
3502.7430	84.2523	8.5882
3536.2240	84.5767	6.8776
3570.0250	84.8165	3.7408
3604.1490	84.9211	0.9130
3638.5980	85.0007	-0.9056
3673.3780	85.0706	-2.7109
3708.4890	85.1126	-4.7258
3743.9370	85.1151	-6.0109
3779.7230	85.1826	-7.9260
3815.8510	85.1361	-10.3141
3852.3240	85.0982	-11.6959
3889.1460	85.0752	-13.6492
3926.3210	84.9964	-17.1597
3963.8500	84.7374	-19.7003
4001.7380	84.5179	-20.1196
4039.9880	84.3420	-20.8567
4078.6040	84.1272	-21.2113
4117.5890	83.9805	-21.2800
4156.9470	83.8138	-21.8644
4196.6810	83.6345	-21.8823
4236.7940	83.4885	-21.2536
4277.2910	83.3931	-20.4704
4318.1750	83.3465	-20.7024
4359.4500	83.2293	-21.2686
4401.1200	83.1202	-20.8703
4443.1870	83.0526	-20.0799
4485.6570	83.0363	-19.5813
4528.5330	83.0385	-20.8159
4571.8180	82.8901	-22.1354
4615.5180	82.7406	-20.9497
4659.6350	82.7252	-18.9328
4704.1740	82.7968	-18.0469
4749.1380	82.8833	-18.7358
4794.5320	82.9029	-20.2367
4840.3600	82.8723	-21.9302
4886.6260	82.7644	-22.8792
4933.3350	82.6965	-23.4459
4980.4900	82.5934	-24.5796
5028.0950	82.4571	-26.2128
5076.1560	82.2119	-27.2806
5124.6760	81.9670	-26.1391
5173.6600	81.8378	-23.5048
5223.1120	81.8641	-21.7733
5273.0360	81.9071	-22.1455
5323.4380	81.8893	-24.1656
5374.3220	81.7217	-26.3325
5425.6920	81.4734	-26.4692
5477.5530	81.2929	-25.4049
5529.9090	81.1374	-24.2519
5582.7670	81.0321	-23.3039
5636.1290	80.9093	-21.5985
5690.0010	80.9279	-20.7921
5744.3890	80.8192	-20.4420
5799.2960	80.7978	-18.8267
5854.7280	80.8141	-18.4842
5910.6900	80.7669	-18.7763
5967.1870	80.6863	-18.4916
6024.2240	80.6051	-17.6400
6081.8060	80.5368	-15.7255
6139.9380	80.5793	-13.3921
6198.6260	80.6868	-12.4759
6257.8750	80.7490	-12.5778
6317.6900	80.7726	-12.0441
6378.0780	80.8443	-11.5010
6439.0420	80.8873	-12.0637
6500.5890	80.8408	-11.4574
6562.7240	80.9054	-10.0183
6625.4530	80.9803	-10.0462
6688.7820	80.9842	-9.6208
6752.7160	81.0600	-8.4604
6817.2620	81.1632	-8.4617
6882.4240	81.2073	-9.2804
6948.2090	81.1891	-9.7672
7014.6230	81.1448	-9.1218
7081.6710	81.1553	-7.7746
7149.3610	81.2043	-6.3266
7217.6970	81.3150	-5.5261
7286.6870	81.3926	-5.3906
7356.3360	81.4592	-4.7248
7426.6510	81.5665	-4.2355
7497.6380	81.6457	-4.3258
7569.3040	81.6953	-3.6320
7641.6540	81.8165	-3.1709
7714.6960	81.8805	-3.6173
7788.4360	81.8993	-3.0295
7862.8820	81.9768	-1.4796
7938.0380	82.1132	-0.1783
8013.9130	82.2770	0.2549
8090.5140	82.4017	0.7278
8167.8460	82.5700	1.3201
8245.9180	82.7225	1.2996
8324.7350	82.8444	1.9653
8404.3070	83.0377	2.7477
8484.6390	83.2165	3.1026
8565.7380	83.4214	3.4035
8647.6130	83.6192	3.0722
8730.2710	83.7736	2.8460
8813.7180	83.9353	3.2857
8897.9630	84.1308	3.8743
8983.0140	84.3480	4.4195
9068.8770	84.5987	4.8150
9155.5610	84.8675	4.6497
9243.0740	85.1224	3.6538
9331.4230	85.3107	2.6021
9420.6160	85.4822	2.5865
9510.6620	85.7098	2.6461
9601.5690	85.9218	2.5951
9693.3450	86.1758	2.4024
9785.9980	86.3980	2.1969
9879.5370	86.6565	3.1316
9973.9690	87.0265	3.8897
10069.3000	87.4286	3.4831
10165.5500	87.8387	1.7450
10262.7200	88.1623	-0.5387
10360.8100	88.4592	-2.4176
10459.8500	88.7358	-4.0108
10559.8300	89.0280	-5.6018
10660.7600	89.3092	-7.6343
10762.6600	89.5604	-9.3385
10865.5300	89.8520	-10.8833
10969.3900	90.1488	-13.2846
11074.2400	90.3998	-15.8130
11180.0900	90.6646	-18.3863
11286.9600	90.9039	-22.1274
11394.8400	91.0338	-26.2485
11503.7600	91.0982	-29.6217
11613.7200	91.1275	-31.6776
11724.7300	91.2221	-32.7251
11836.8000	91.3827	-34.1422
11949.9400	91.5558	-35.6252
12064.1600	91.7986	-36.8692
12179.4700	92.1149	-38.9918
12295.8900	92.4483	-43.0112
12413.4200	92.6979	-48.7872
12532.0700	92.8274	-55.8224
12651.8600	92.7787	-64.0448
12772.7900	92.4821	-71.8237
12894.8800	92.0222	-76.7447
13018.1300	91.5739	-78.0049
13142.5600	91.3091	-77.9861
13268.1900	91.1402	-78.2057
13395.0100	91.1079	-79.1585
13523.0400	91.1155	-82.0954
13652.3000	91.0817	-87.4942
13782.8000	90.8566	-94.1706
13914.5400	90.4808	-100.9010
14047.5400	89.9133	-107.5214
14181.8100	89.1640	-112.9905
14317.3700	88.2654	-114.7238
14454.2200	87.5115	-113.5073
14592.3800	86.8333	-110.8467
14731.8600	86.3753	-107.9196
14872.6700	85.9729	-106.5525
15014.8300	85.5677	-104.5172
15158.3500	85.2818	-101.8846
15303.2400	85.0473	-100.0917
15449.5100	84.8067	-97.7333
15597.1900	84.6613	-93.5146
15746.2700	84.7167	-89.3291
15896.7800	84.8576	-85.8342
16048.7300	85.1384	-82.5175
16202.1300	85.5334	-79.7775
16357.0000	86.0764	-79.1261
16513.3400	86.5824	-80.3159
16671.1800	87.1403	-83.8709
16830.5300	87.5043	-89.9390
16991.4100	87.7293	-97.1115
17153.8200	87.7134	-105.3561
17317.7800	87.4644	-113.2777
17483.3100	87.0003	-119.6482
17650.4200	86.4292	-123.8819
17819.1300	85.8099	-126.7589
17989.4600	85.1374	-127.9354
18161.4100	84.5083	-126.9336
18335.0000	83.9809	-124.5948
18510.2500	83.5624	-121.3359
18687.1800	83.2860	-117.6052
18865.8000	83.1297	-113.8099
19046.1300	83.0988	-109.6865
19228.1800	83.2283	-105.9931
19411.9700	83.4524	-103.0168
19597.5200	83.7952	-101.0004
19784.8400	84.1803	-100.3730
19973.9500	84.5883	-100.5648
20164.8700	85.0198	-101.9178
20357.6200	85.4120	-104.3484
20552.2000	85.7739	-107.6033
20748.6500	86.0694	-112.1141
20946.9700	86.2405	-117.1392
21147.1900	86.3251	-122.1842
21349.3300	86.3021	-127.1314
21553.3900	86.1991	-130.8734
21759.4100	86.1207	-134.1713
21967.3900	85.9976	-137.6959
22177.3700	85.8550	-140.7559
22389.3500	85.7126	-143.5401
22603.3500	85.5723	-146.1821
22819.4100	85.4420	-148.6282
23037.5200	85.3381	-151.2061
23257.7300	85.2375	-154.3130
23480.0300	85.1136	-157.4131
23704.4600	85.0146	-160.4012
23931.0400	84.9361	-164.2121
24159.7800	84.8245	-169.1444
24390.7100	84.6519	-174.9333
24623.8500	84.4056	177.9522
24859.2100	84.0022	168.7982
25096.8300	83.3304	157.9773
25336.7100	82.3167	146.0633
25578.8900	80.8366	136.3991
25823.3900	79.1101	135.0673
26070.2200	77.6898	139.2963
26319.4100	76.4574	143.7145
26570.9800	75.3682	148.7008
26824.9600	74.4179	154.0581
27081.3600	73.5569	160.4334
27340.2100	72.8657	168.9132
27601.5400	72.4409	178.5135
27865.3700	72.2719	-172.4881
28131.7200	72.2832	-164.4670
28400.6100	72.4435	-155.7396
28672.0800	72.9040	-146.3300
28946.1400	73.6607	-137.2924
29222.8200	74.8064	-131.1164
29502.1400	76.1373	-133.6670
29784.1300	77.0815	-142.6498
30068.8200	77.6989	-152.2769
30356.2300	78.0463	-162.1499
30646.3900	78.1414	-172.1770
30939.3200	78.0068	176.5099
31235.0500	77.4749	164.7326
31533.6100	76.5994	156.3200
31835.0200	75.6029	153.4326
32139.3100	74.7584	154.3506
32446.5100	74.0991	155.4782
32756.6500	73.5188	155.6729
33069.7500	72.9726	153.8112
33385.8500	72.2206	152.7008
33704.9600	71.5342	155.4286
34027.1300	71.0360	158.9269
34352.3700	70.6267	162.0927
34680.7300	70.3291	165.4007
35012.2200	70.1277	168.5184
35346.8800	70.0145	172.3318
35684.7400	70.1065	175.8992
36025.8300	70.3173	177.1003
36370.1800	70.5496	174.2734
36717.8200	70.5287	168.7022
37068.7900	70.2777	163.8213
37423.1100	69.8729	161.4312
37780.8100	69.4930	163.1379
38141.9400	69.4242	163.3509
38506.5100	69.2032	158.8059
38874.5700	68.7367	154.7876
39246.1500	68.1871	152.7268
39621.2800	67.5746	152.2126
40000.0000	66.9762	153.0941