Freq	dB	Phase
20.0000	58.8232	176.0587
20.1912	58.9973	174.1335
20.3842	59.1735	172.2169
20.5790	59.3467	170.3648
20.7757	59.5204	168.5408
20.9743	59.6960	166.7284
21.1748	59.8681	164.9862
21.3772	60.0416	163.2624
21.5815	60.2165	161.5581
21.7878	60.3937	159.8662
21.9960	60.5635	158.2773
22.2063	60.7419	156.6435
22.4185	60.9143	155.0969
22.6328	61.0872	153.5788
22.8492	61.2609	152.0863
23.0676	61.4292	150.6712
23.2881	61.6043	149.2310
23.5107	61.7740	147.8663
23.7354	61.9448	146.5220
23.9623	62.1178	145.1921
24.1913	62.2867	143.9213
24.4225	62.4532	142.6962
24.6560	62.6209	141.4899
24.8916	62.7896	140.3022
25.1296	62.9595	139.1333
25.3698	63.1309	137.9798
25.6123	63.2960	136.8918
25.8571	63.4615	135.8252
26.1042	63.6279	134.7745
26.3537	63.7945	133.7443
26.6056	63.9553	132.7698
26.8599	64.1202	131.7901
27.1167	64.2845	130.8325
27.3759	64.4452	129.9132
27.6375	64.6056	129.0118
27.9017	64.7689	128.1104
28.1684	64.9312	127.2291
28.4377	65.0861	126.4012
28.7095	65.2460	125.5592
28.9839	65.4023	124.7481
29.2609	65.5581	123.9500
29.5406	65.7145	123.1589
29.8230	65.8714	122.3747
30.1080	66.0231	121.6247
30.3958	66.1753	120.8795
30.6864	66.3283	120.1365
30.9797	66.4790	119.4109
31.2758	66.6304	118.6868
31.5747	66.7782	117.9840
31.8765	66.9248	117.2905
32.1812	67.0745	116.5850
32.4888	67.2203	115.9005
32.7994	67.3654	115.2206
33.1129	67.5059	114.5630
33.4294	67.6508	113.8854
33.7489	67.7919	113.2258
34.0715	67.9328	112.5661
34.3972	68.0698	111.9236
34.7260	68.2107	111.2610
35.0579	68.3463	110.6215
35.3930	68.4811	109.9833
35.7313	68.6169	109.3380
36.0728	68.7503	108.7006
36.4176	68.8845	108.0566
36.7657	69.0157	107.4228
37.1171	69.1457	106.7910
37.4719	69.2763	106.1522
37.8301	69.4032	105.5270
38.1917	69.5337	104.8794
38.5567	69.6576	104.2605
38.9253	69.7847	103.6204
39.2973	69.9085	102.9916
39.6730	70.0328	102.3558
40.0522	70.1563	101.7185
40.4350	70.2775	101.0883
40.8215	70.3993	100.4495
41.2117	70.5194	99.8141
41.6056	70.6382	99.1806
42.0033	70.7576	98.5381
42.4048	70.8749	97.9020
42.8101	70.9915	97.2639
43.2193	71.1088	96.6168
43.6324	71.2237	95.9779
44.0495	71.3385	95.3337
44.4705	71.4538	94.6815
44.8956	71.5667	94.0377
45.3247	71.6802	93.3854
45.7579	71.7934	92.7293
46.1953	71.9052	92.0761
46.6369	72.0160	91.4238
47.0826	72.1279	90.7600
47.5327	72.2379	90.1019
47.9870	72.3484	89.4358
48.4457	72.4586	88.7658
48.9087	72.5663	88.1065
49.3762	72.6767	87.4252
49.8482	72.7834	86.7616
50.3247	72.8926	86.0775
50.8057	73.0003	85.3973
51.2913	73.1085	84.7088
51.7816	73.2152	84.0242
52.2765	73.3220	83.3334
52.7762	73.4278	82.6440
53.2807	73.5346	81.9428
53.7899	73.6408	81.2394
54.3041	73.7469	80.5313
54.8231	73.8521	79.8231
55.3472	73.9575	79.1078
55.8762	74.0618	78.3936
56.4103	74.1663	77.6718
56.9495	74.2718	76.9373
57.4938	74.3760	76.2043
58.0434	74.4788	75.4754
58.5982	74.5841	74.7218
59.1583	74.6867	73.9806
59.7237	74.7907	73.2220
60.2946	74.8931	72.4672
60.8709	74.9969	71.6946
61.4528	75.0992	70.9260
62.0401	75.2013	70.1503
62.6331	75.3028	69.3716
63.2318	75.4044	68.5836
63.8362	75.5051	67.7939
64.4464	75.6059	66.9943
65.0624	75.7076	66.1790
65.6843	75.8064	65.3775
66.3121	75.9071	64.5507
66.9460	76.0052	63.7365
67.5859	76.1049	62.8982
68.2319	76.2027	62.0661
68.8841	76.3012	61.2178
69.5425	76.3978	60.3752
70.2072	76.4950	59.5167
70.8783	76.5918	58.6507
71.5558	76.6871	57.7865
72.2397	76.7822	56.9134
72.9302	76.8779	56.0227
73.6273	76.9713	55.1417
74.3311	77.0644	54.2518
75.0416	77.1577	53.3466
75.7588	77.2500	52.4396
76.4830	77.3410	51.5324
77.2140	77.4321	50.6119
77.9521	77.5222	49.6883
78.6972	77.6121	48.7533
79.4494	77.7006	47.8193
80.2088	77.7885	46.8778
80.9755	77.8759	45.9284
81.7495	77.9620	44.9801
82.5309	78.0477	44.0212
83.3197	78.1327	43.0572
84.1161	78.2163	42.0940
84.9201	78.2998	41.1181
85.7318	78.3822	40.1395
86.5513	78.4635	39.1607
87.3786	78.5447	38.1685
88.2138	78.6247	37.1756
89.0570	78.7038	36.1796
89.9082	78.7826	35.1723
90.7676	78.8602	34.1654
91.6352	78.9372	33.1499
92.5111	79.0131	32.1354
93.3953	79.0880	31.1191
94.2881	79.1630	30.0859
95.1893	79.2364	29.0588
96.0992	79.3093	28.0235
97.0177	79.3814	26.9844
97.9450	79.4525	25.9448
98.8812	79.5234	24.8919
99.8264	79.5927	23.8485
100.7806	79.6617	22.7928
101.7439	79.7300	21.7329
102.7164	79.7978	20.6658
103.6982	79.8644	19.6013
104.6894	79.9306	18.5272
105.6900	79.9960	17.4514
106.7003	80.0605	16.3736
107.7202	80.1242	15.2951
108.7498	80.1877	14.2040
109.7893	80.2500	13.1181
110.8387	80.3119	12.0224
111.8981	80.3732	10.9220
112.9677	80.4338	9.8190
114.0475	80.4937	8.7133
115.1376	80.5530	7.6039
116.2381	80.6120	6.4833
117.3492	80.6700	5.3651
118.4708	80.7276	4.2405
119.6032	80.7845	3.1132
120.7465	80.8407	1.9834
121.9006	80.8964	0.8482
123.0658	80.9518	-0.2968
124.2421	81.0062	-1.4364
125.4296	81.0603	-2.5860
126.6286	81.1139	-3.7426
127.8389	81.1671	-4.9045
129.0609	81.2193	-6.0609
130.2945	81.2714	-7.2313
131.5399	81.3230	-8.4067
132.7972	81.3737	-9.5792
134.0665	81.4244	-10.7667
135.3480	81.4745	-11.9560
136.6417	81.5238	-13.1433
137.9478	81.5730	-14.3434
139.2663	81.6216	-15.5484
140.5975	81.6697	-16.7553
141.9414	81.7174	-17.9688
143.2981	81.7647	-19.1890
144.6678	81.8116	-20.4170
146.0506	81.8578	-21.6425
147.4466	81.9040	-22.8835
148.8560	81.9494	-24.1236
150.2788	81.9945	-25.3708
151.7152	82.0393	-26.6263
153.1654	82.0837	-27.8871
154.6294	82.1276	-29.1528
156.1074	82.1713	-30.4292
157.5996	82.2146	-31.7096
159.1060	82.2573	-32.9920
160.6268	82.2998	-34.2869
162.1621	82.3420	-35.5885
163.7121	82.3836	-36.8881
165.2770	82.4251	-38.2040
166.8567	82.4661	-39.5233
168.4516	82.5069	-40.8519
170.0618	82.5472	-42.1820
171.6873	82.5874	-43.5305
173.3283	82.6270	-44.8742
174.9851	82.6665	-46.2349
176.6577	82.7057	-47.6007
178.3462	82.7445	-48.9742
180.0509	82.7830	-50.3550
181.7719	82.8211	-51.7424
183.5094	82.8590	-53.1382
185.2634	82.8967	-54.5476
187.0343	82.9340	-55.9636
188.8220	82.9709	-57.3829
190.6269	83.0075	-58.8138
192.4489	83.0440	-60.2590
194.2884	83.0801	-61.7100
196.1455	83.1158	-63.1663
198.0204	83.1513	-64.6373
199.9131	83.1867	-66.1218
201.8240	83.2216	-67.6118
203.7531	83.2561	-69.1120
205.7007	83.2904	-70.6243
207.6668	83.3243	-72.1428
209.6518	83.3579	-73.6746
211.6557	83.3912	-75.2176
213.6788	83.4241	-76.7677
215.7213	83.4567	-78.3335
217.7832	83.4889	-79.9098
219.8649	83.5207	-81.4946
221.9664	83.5522	-83.0967
224.0881	83.5833	-84.7091
226.2300	83.6139	-86.3313
228.3924	83.6440	-87.9633
230.5755	83.6738	-89.6084
232.7794	83.7031	-91.2702
235.0044	83.7320	-92.9432
237.2507	83.7603	-94.6275
239.5184	83.7882	-96.3234
241.8078	83.8155	-98.0304
244.1191	83.8423	-99.7570
246.4525	83.8685	-101.4906
248.8082	83.8942	-103.2431
251.1864	83.9193	-105.0019
253.5874	83.9438	-106.7810
256.0113	83.9676	-108.5662
258.4583	83.9908	-110.3721
260.9288	84.0133	-112.1864
263.4228	84.0352	-114.0191
265.9407	84.0564	-115.8603
268.4827	84.0768	-117.7160
271.0490	84.0965	-119.5866
273.6398	84.1155	-121.4721
276.2553	84.1337	-123.3738
278.8959	84.1512	-125.2836
281.5617	84.1678	-127.2142
284.2530	84.1837	-129.1559
286.9700	84.1987	-131.1043
289.7130	84.2129	-133.0756
292.4822	84.2262	-135.0562
295.2778	84.2387	-137.0530
298.1002	84.2504	-139.0652
300.9496	84.2612	-141.0881
303.8262	84.2711	-143.1241
306.7303	84.2802	-145.1774
309.6621	84.2883	-147.2434
312.6220	84.2956	-149.3190
315.6102	84.3020	-151.4130
318.6269	84.3075	-153.5185
321.6725	84.3122	-155.6402
324.7472	84.3160	-157.7731
327.8512	84.3189	-159.9231
330.9850	84.3209	-162.0843
334.1487	84.3221	-164.2560
337.3426	84.3225	-166.4457
340.5671	84.3220	-168.6460
343.8223	84.3207	-170.8593
347.1087	84.3186	-173.0895
350.4265	84.3157	-175.3311
353.7761	84.3121	-177.5837
357.1576	84.3077	-179.8528
360.5715	84.3025	177.8627
364.0179	84.2966	175.5658
367.4974	84.2901	173.2564
371.0101	84.2829	170.9341
374.5563	84.2750	168.5987
378.1365	84.2665	166.2499
381.7509	84.2575	163.8875
385.3998	84.2478	161.5044
389.0836	84.2376	159.1136
392.8027	84.2269	156.7083
396.5572	84.2158	154.2880
400.3477	84.2041	151.8517
404.1744	84.1921	149.4037
408.0376	84.1797	146.9442
411.9378	84.1669	144.4617
415.8753	84.1538	141.9714
419.8504	84.1403	139.4618
423.8635	84.1266	136.9388
427.9150	84.1127	134.3988
432.0052	84.0986	131.8471
436.1344	84.0843	129.2702
440.3032	84.0698	126.6869
444.5118	84.0553	124.0837
448.7606	84.0406	121.4616
453.0501	84.0259	118.8235
457.3805	84.0111	116.1662
461.7523	83.9964	113.4948
466.1659	83.9817	110.8029
470.6218	83.9670	108.0981
475.1201	83.9524	105.3683
479.6615	83.9379	102.6230
484.2463	83.9235	99.8559
488.8750	83.9092	97.0689
493.5478	83.8951	94.2629
498.2654	83.8812	91.4371
503.0280	83.8675	88.5910
507.8361	83.8540	85.7239
512.6903	83.8407	82.8350
517.5908	83.8277	79.9239
522.5381	83.8149	76.9897
527.5327	83.8024	74.0312
532.5751	83.7901	71.0530
537.6657	83.7782	68.0476
542.8049	83.7665	65.0188
547.9933	83.7551	61.9651
553.2312	83.7440	58.8898
558.5192	83.7333	55.7881
563.8578	83.7228	52.6574
569.2474	83.7126	49.5037
574.6885	83.7028	46.3205
580.1816	83.6932	43.1134
585.7272	83.6840	39.8806
591.3258	83.6750	36.6148
596.9780	83.6664	33.3215
602.6841	83.6580	30.0021
608.4448	83.6499	26.6523
614.2606	83.6421	23.2692
620.1319	83.6345	19.8592
626.0594	83.6272	16.4222
632.0435	83.6202	12.9488
638.0849	83.6133	9.4489
644.1840	83.6067	5.9120
650.3413	83.6003	2.3479
656.5576	83.5941	-1.2553
662.8332	83.5881	-4.8859
669.1688	83.5823	-8.5470
675.5650	83.5766	-12.2470
682.0224	83.5710	-15.9791
688.5414	83.5656	-19.7450
695.1228	83.5603	-23.5449
701.7670	83.5550	-27.3839
708.4748	83.5499	-31.2581
715.2467	83.5448	-35.1647
722.0833	83.5398	-39.1106
728.9853	83.5348	-43.0925
735.9533	83.5299	-47.1098
742.9878	83.5250	-51.1631
750.0896	83.5200	-55.2531
757.2592	83.5151	-59.3869
764.4974	83.5101	-63.5575
771.8048	83.5051	-67.7640
779.1821	83.5001	-72.0123
786.6298	83.4949	-76.2968
794.1487	83.4897	-80.6231
801.7395	83.4845	-84.9863
809.4029	83.4791	-89.3954
817.1395	83.4736	-93.8393
824.9500	83.4681	-98.3301
832.8353	83.4624	-102.8553
840.7958	83.4566	-107.4304
848.8325	83.4506	-112.0406
856.9460	83.4446	-116.6967
865.1371	83.4384	-121.3942
873.4064	83.4320	-126.1348
881.7548	83.4255	-130.9215
890.1829	83.4189	-135.7498
898.6917	83.4121	-140.6236
907.2817	83.4051	-145.5389
915.9539	83.3980	-150.5000
924.7090	83.3908	-155.5086
933.5477	83.3834	-160.5599
942.4710	83.3759	-165.6576
951.4795	83.3682	-170.8051
960.5741	83.3604	-175.9973
969.7557	83.3524	178.7663
979.0250	83.3444	173.4787
988.3829	83.3362	168.1446
997.8303	83.3278	162.7625
1007.3680	83.3194	157.3290
1016.9970	83.3109	151.8486
1026.7180	83.3023	146.3171
1036.5310	83.2936	140.7385
1046.4390	83.2848	135.1083
1056.4410	83.2759	129.4247
1066.5390	83.2670	123.6923
1076.7340	83.2581	117.9066
1087.0260	83.2491	112.0707
1097.4160	83.2401	106.1790
1107.9050	83.2311	100.2352
1118.4950	83.2220	94.2393
1129.1860	83.2130	88.1843
1139.9790	83.2041	82.0798
1150.8760	83.1951	75.9163
1161.8760	83.1862	69.6983
1172.9820	83.1774	63.4212
1184.1940	83.1687	57.0884
1195.5130	83.1601	50.6995
1206.9400	83.1515	44.2516
1218.4770	83.1431	37.7461
1230.1230	83.1348	31.1785
1241.8810	83.1267	24.5511
1253.7520	83.1187	17.8641
1265.7360	83.1110	11.1165
1277.8340	83.1034	4.3070
1290.0480	83.0960	-2.5715
1302.3790	83.0888	-9.5036
1314.8280	83.0818	-16.5057
1327.3950	83.0751	-23.5706
1340.0830	83.0687	-30.7013
1352.8920	83.0625	-37.8988
1365.8240	83.0566	-45.1643
1378.8790	83.0509	-52.4961
1392.0590	83.0456	-59.8954
1405.3640	83.0406	-67.3637
1418.7970	83.0359	-74.9025
1432.3590	83.0315	-82.5137
1446.0500	83.0275	-90.1924
1459.8720	83.0238	-97.9453
1473.8260	83.0205	-105.7746
1487.9130	83.0175	-113.6754
1502.1360	83.0149	-121.6492
1516.4940	83.0127	-129.6971
1530.9890	83.0109	-137.8242
1545.6230	83.0094	-146.0297
1560.3960	83.0083	-154.3118
1575.3110	83.0077	-162.6706
1590.3690	83.0074	-171.1100
1605.5700	83.0075	-179.6287
1620.9170	83.0080	171.7680
1636.4100	83.0090	163.0823
1652.0520	83.0103	154.3135
1667.8430	83.0120	145.4663
1683.7850	83.0141	136.5274
1699.8790	83.0167	127.5065
1716.1270	83.0196	118.3956
1732.5310	83.0229	109.1946
1749.0910	83.0266	99.9068
1765.8090	83.0307	90.5305
1782.6880	83.0352	81.0637
1799.7270	83.0400	71.5041
1816.9300	83.0453	61.8557
1834.2970	83.0508	52.1072
1851.8300	83.0568	42.2698
1869.5300	83.0631	32.3354
1887.4000	83.0697	22.2988
1905.4410	83.0767	12.1702
1923.6540	83.0839	1.9431
1942.0410	83.0915	-8.3900
1960.6030	83.0994	-18.8164
1979.3440	83.1076	-29.3492
1998.2630	83.1160	-39.9798
2017.3630	83.1247	-50.7205
2036.6460	83.1337	-61.5657
2056.1130	83.1429	-72.5150
2075.7660	83.1524	-83.5677
2095.6070	83.1620	-94.7351
2115.6380	83.1718	-106.0065
2135.8600	83.1819	-117.3904
2156.2760	83.1921	-128.8860
2176.8860	83.2024	-140.4942
2197.6940	83.2129	-152.2173
2218.7000	83.2235	-164.0514
2239.9080	83.2342	-176.0037
2261.3180	83.2450	171.9269
2282.9320	83.2559	159.7380
2304.7530	83.2668	147.4338
2326.7830	83.2778	135.0080
2349.0230	83.2887	122.4574
2371.4760	83.2997	109.7844
2394.1440	83.3107	96.9892
2417.0280	83.3216	84.0696
2440.1310	83.3324	71.0232
2463.4550	83.3432	57.8471
2487.0020	83.3539	44.5451
2510.7730	83.3645	31.1157
2534.7720	83.3749	17.5501
2559.0010	83.3852	3.8532
2583.4610	83.3953	-9.9757
2608.1550	83.4052	-23.9422
2633.0840	83.4148	-38.0408
2658.2520	83.4243	-52.2790
2683.6610	83.4334	-66.6558
2709.3130	83.4423	-81.1744
2735.2090	83.4509	-95.8318
2761.3540	83.4591	-110.6348
2787.7480	83.4670	-125.5759
2814.3940	83.4745	-140.6669
2841.2950	83.4816	-155.9008
2868.4540	83.4883	-171.2846
2895.8720	83.4945	173.1843
2923.5510	83.5003	157.4986
2951.4960	83.5056	141.6661
2979.7080	83.5104	125.6781
3008.1890	83.5146	109.5344
3036.9420	83.5183	93.2367
3065.9710	83.5214	76.7812
3095.2770	83.5238	60.1702
3124.8620	83.5257	43.3988
3154.7310	83.5269	26.4605
3184.8850	83.5274	9.3638
3215.3280	83.5272	-7.8966
3246.0610	83.5264	-25.3254
3277.0880	83.5247	-42.9195
3308.4120	83.5223	-60.6812
3340.0350	83.5192	-78.6137
3371.9610	83.5152	-96.7190
3404.1910	83.5104	-114.9941
3436.7300	83.5048	-133.4461
3469.5800	83.4983	-152.0759
3502.7430	83.4909	-170.8784
3536.2240	83.4827	170.1376
3570.0250	83.4735	150.9768
3604.1490	83.4634	131.6286
3638.5980	83.4524	112.1039
3673.3780	83.4404	92.3851
3708.4890	83.4275	72.4899
3743.9370	83.4136	52.4001
3779.7230	83.3987	32.1227
3815.8510	83.3828	11.6496
3852.3240	83.3659	-9.0100
3889.1460	83.3481	-29.8646
3926.3210	83.3292	-50.9195
3963.8500	83.3093	-72.1683
4001.7380	83.2884	-93.6196
4039.9880	83.2665	-115.2673
4078.6040	83.2435	-137.1191
4117.5890	83.2196	-159.1794
4156.9470	83.1947	178.5557
4196.6810	83.1688	156.0837
4236.7940	83.1418	133.4073
4277.2910	83.1140	110.5111
4318.1750	83.0851	87.4083
4359.4500	83.0553	64.0844
4401.1200	83.0246	40.5478
4443.1870	82.9929	16.7918
4485.6570	82.9604	-7.1878
4528.5330	82.9269	-31.3861
4571.8180	82.8927	-55.8065
4615.5180	82.8576	-80.4595
4659.6350	82.8216	-105.3369
4704.1740	82.7850	-130.4468
4749.1380	82.7475	-155.7865
4794.5320	82.7094	178.6372
4840.3600	82.6705	152.8242
4886.6260	82.6311	126.7710
4933.3350	82.5910	100.4793
4980.4900	82.5503	73.9449
5028.0950	82.5091	47.1641
5076.1560	82.4674	20.1378
5124.6760	82.4253	-7.1393
5173.6600	82.3828	-34.6689
5223.1120	82.3399	-62.4518
5273.0360	82.2966	-90.4944
5323.4380	82.2531	-118.7911
5374.3220	82.2094	-147.3529
5425.6920	82.1655	-176.1787
5477.5530	82.1215	154.7300
5529.9090	82.0775	125.3677
5582.7670	82.0334	95.7350
5636.1290	81.9893	65.8274
5690.0010	81.9453	35.6454
5744.3890	81.9015	5.1795
5799.2960	81.8578	-25.5668
5854.7280	81.8144	-56.5993
5910.6900	81.7713	-87.9178
5967.1870	81.7286	-119.5286
6024.2240	81.6862	-151.4347
6081.8060	81.6444	176.3620
6139.9380	81.6030	143.8637
6198.6260	81.5622	111.0609
6257.8750	81.5220	77.9514
6317.6900	81.4825	44.5297
6378.0780	81.4437	10.8023
6439.0420	81.4057	-23.2479
6500.5890	81.3685	-57.6097
6562.7240	81.3322	-92.2941
6625.4530	81.2968	-127.3017
6688.7820	81.2624	-162.6398
6752.7160	81.2291	161.6906
6817.2620	81.1967	125.6921
6882.4240	81.1655	89.3529
6948.2090	81.1355	52.6722
7014.6230	81.1066	15.6481
7081.6710	81.0790	-21.7208
7149.3610	81.0527	-59.4390
7217.6970	81.0277	-97.5141
7286.6870	81.0040	-135.9404
7356.3360	80.9817	-174.7290
7426.6510	80.9609	146.1191
7497.6380	80.9415	106.5990
7569.3040	80.9236	66.7137
7641.6540	80.9072	26.4561
7714.6960	80.8923	-14.1747
7788.4360	80.8790	-55.1821
7862.8820	80.8673	-96.5701
7938.0380	80.8572	-138.3397
8013.9130	80.8488	179.5085
8090.5140	80.8420	136.9678
8167.8460	80.8369	94.0372
8245.9180	80.8335	50.7181
8324.7350	80.8318	7.0058
8404.3070	80.8318	-37.0993
8484.6390	80.8335	-81.6016
8565.7380	80.8369	-126.4944
8647.6130	80.8421	-171.7897
8730.2710	80.8491	142.5143
8813.7180	80.8578	96.4240
8897.9630	80.8682	49.9336
8983.0140	80.8804	3.0466
9068.8770	80.8944	-44.2382
9155.5610	80.9101	-91.9196
9243.0740	80.9276	-139.9993
9331.4230	80.9468	171.5309
9420.6160	80.9677	122.6655
9510.6620	80.9904	73.4130
9601.5690	81.0147	23.7733
9693.3450	81.0408	-26.2486
9785.9980	81.0685	-76.6522
9879.5370	81.0979	-127.4276
9973.9690	81.1290	-178.5764
10069.3000	81.1617	129.9107
10165.5500	81.1959	78.0415
10262.7200	81.2318	25.8210
10360.8100	81.2692	-26.7489
10459.8500	81.3081	-79.6530
10559.8300	81.3486	-132.8893
10660.7600	81.3904	173.5548
10762.6600	81.4337	119.6860
10865.5300	81.4784	65.5211
10969.3900	81.5245	11.0618
11074.2400	81.5718	-43.6744
11180.0900	81.6205	-98.6748
11286.9600	81.6703	-153.9337
11394.8400	81.7213	150.5703
11503.7600	81.7734	94.8462
11613.7200	81.8267	38.9107
11724.7300	81.8809	-17.2185
11836.8000	81.9361	-73.5300
11949.9400	81.9922	-130.0017
12064.1600	82.0491	173.3805
12179.4700	82.1068	116.6312
12295.8900	82.1653	59.7756
12413.4200	82.2243	2.8295
12532.0700	82.2840	-54.1819
12651.8600	82.3442	-111.2472
12772.7900	82.4048	-168.3408
12894.8800	82.4657	134.5604
13018.1300	82.5270	77.4774
13142.5600	82.5884	20.4313
13268.1900	82.6500	-36.5531
13395.0100	82.7116	-93.4560
13523.0400	82.7732	-150.2493
13652.3000	82.8346	153.0901
13782.8000	82.8958	96.5847
13914.5400	82.9568	40.2591
14047.5400	83.0173	-15.8570
14181.8100	83.0773	-71.7465
14317.3700	83.1367	-127.3769
14454.2200	83.1955	177.2738
14592.3800	83.2535	122.2293
14731.8600	83.3107	67.5136
14872.6700	83.3669	13.1601
15014.8300	83.4220	-40.8157
15158.3500	83.4761	-94.3836
15303.2400	83.5288	-147.5191
15449.5100	83.5803	159.8026
15597.1900	83.6303	107.6040
15746.2700	83.6788	55.9104
15896.7800	83.7257	4.7421
16048.7300	83.7709	-45.8722
16202.1300	83.8143	-95.9158
16357.0000	83.8559	-145.3655
16513.3400	83.8954	165.8037
16671.1800	83.9330	117.6080
16830.5300	83.9683	70.0674
16991.4100	84.0015	23.2037
17153.8200	84.0323	-22.9639
17317.7800	84.0608	-68.4195
17483.3100	84.0868	-113.1477
17650.4200	84.1102	-157.1297
17819.1300	84.1310	159.6488
17989.4600	84.1492	117.1983
18161.4100	84.1645	75.5375
18335.0000	84.1771	34.6752
18510.2500	84.1868	-5.3774
18687.1800	84.1935	-44.6080
18865.8000	84.1971	-83.0104
19046.1300	84.1977	-120.5754
19228.1800	84.1952	-157.2947
19411.9700	84.1895	166.8351
19597.5200	84.1805	131.8198
19784.8400	84.1682	97.6628
19973.9500	84.1525	64.3687
20164.8700	84.1334	31.9379
20357.6200	84.1109	0.3687
20552.2000	84.0849	-30.3356
20748.6500	84.0553	-60.1805
20946.9700	84.0222	-89.1647
21147.1900	83.9854	-117.2940
21349.3300	83.9449	-144.5730
21553.3900	83.9007	-171.0063
21759.4100	83.8528	163.3993
21967.3900	83.8010	138.6362
22177.3700	83.7454	114.6978
22389.3500	83.6859	91.5744
22603.3500	83.6225	69.2560
22819.4100	83.5551	47.7321
23037.5200	83.4837	26.9923
23257.7300	83.4083	7.0252
23480.0300	83.3288	-12.1833
23704.4600	83.2451	-30.6449
23931.0400	83.1573	-48.3729
24159.7800	83.0653	-65.3826
24390.7100	82.9691	-81.6872
24623.8500	82.8685	-97.3015
24859.2100	82.7636	-112.2412
25096.8300	82.6544	-126.5214
25336.7100	82.5407	-140.1572
25578.8900	82.4225	-153.1656
25823.3900	82.2998	-165.5614
26070.2200	82.1725	-177.3601
26319.4100	82.0405	171.4210
26570.9800	81.9039	160.7657
26824.9600	81.7626	150.6572
27081.3600	81.6166	141.0791
27340.2100	81.4659	132.0145
27601.5400	81.3104	123.4476
27865.3700	81.1501	115.3617
28131.7200	80.9849	107.7413
28400.6100	80.8148	100.5711
28672.0800	80.6398	93.8351
28946.1400	80.4597	87.5184
29222.8200	80.2747	81.6065
29502.1400	80.0845	76.0853
29784.1300	79.8891	70.9415
30068.8200	79.6884	66.1630
30356.2300	79.4823	61.7389
30646.3900	79.2707	57.6610
30939.3200	79.0532	53.9367
31235.0500	78.8308	50.5182
31533.6100	78.6040	47.3825
31835.0200	78.3725	44.5205
32139.3100	78.1363	41.9232
32446.5100	77.8953	39.5819
32756.6500	77.6494	37.4888
33069.7500	77.3984	35.6361
33385.8500	77.1424	34.0170
33704.9600	76.8812	32.6245
34027.1300	76.6149	31.4499
34352.3700	76.3434	30.4870
34680.7300	76.0664	29.7347
35012.2200	75.7835	29.1942
35346.8800	75.4946	28.8694
35684.7400	75.1991	28.7702
36025.8300	74.8963	28.9179
36370.1800	74.5855	29.3541
36717.8200	74.2652	30.1703
37068.7900	73.9336	31.6627
37423.1100	73.6435	31.5476
37780.8100	73.3464	31.6807
38141.9400	73.0420	32.0623
38506.5100	72.7301	32.6841
38874.5700	72.4109	33.5395
39246.1500	72.0841	34.6244
39621.2800	71.7501	35.9356
40000.0000	71.4093	37.4667