Freq	Ohm	Deg
20.0000	5.9599	3.5076
20.1912	5.9614	3.6992
20.3842	5.9629	3.8743
20.5790	5.9644	4.0410
20.7757	5.9659	4.1882
20.9743	5.9674	4.3077
21.1748	5.9688	4.4041
21.3772	5.9703	4.4821
21.5815	5.9718	4.5454
21.7878	5.9733	4.6032
21.9960	5.9748	4.6634
22.2063	5.9763	4.7272
22.4185	5.9778	4.7923
22.6328	5.9793	4.8563
22.8492	5.9808	4.9187
23.0676	5.9823	4.9768
23.2881	5.9838	5.0302
23.5107	5.9853	5.0835
23.7354	5.9868	5.1394
23.9623	5.9883	5.1984
24.1913	5.9898	5.2661
24.4225	5.9913	5.3438
24.6560	5.9928	5.4276
24.8916	5.9943	5.5153
25.1296	5.9967	5.6032
25.3698	5.9997	5.6833
25.6123	6.0028	5.7532
25.8571	6.0057	5.8156
26.1042	6.0084	5.8740
26.3537	6.0107	5.9321
26.6056	6.0127	5.9957
26.8599	6.0147	6.0676
27.1167	6.0170	6.1446
27.3759	6.0196	6.2231
27.6375	6.0224	6.3008
27.9017	6.0256	6.3735
28.1684	6.0289	6.4376
28.4377	6.0319	6.4959
28.7095	6.0346	6.5521
28.9839	6.0370	6.6063
29.2609	6.0390	6.6624
29.5406	6.0408	6.7251
29.8230	6.0425	6.7926
30.1080	6.0442	6.8632
30.3958	6.0459	6.9401
30.6864	6.0480	7.0233
30.9797	6.0504	7.1078
31.2758	6.0532	7.1920
31.5747	6.0563	7.2748
31.8765	6.0598	7.3494
32.1812	6.0633	7.4104
32.4888	6.0661	7.4633
32.7994	6.0685	7.5146
33.1129	6.0702	7.5673
33.4294	6.0713	7.6277
33.7489	6.0722	7.7023
34.0715	6.0733	7.7879
34.3972	6.0748	7.8780
34.7260	6.0766	7.9702
35.0579	6.0787	8.0620
35.3930	6.0811	8.1518
35.7313	6.0836	8.2393
36.0728	6.0861	8.3273
36.4176	6.0886	8.4173
36.7657	6.0913	8.5082
37.1171	6.0942	8.5987
37.4719	6.0971	8.6895
37.8301	6.1001	8.7802
38.1917	6.1031	8.8702
38.5567	6.1062	8.9608
38.9253	6.1093	9.0527
39.2973	6.1125	9.1451
39.6730	6.1158	9.2371
40.0522	6.1192	9.3282
40.4350	6.1226	9.4176
40.8215	6.1258	9.5056
41.2117	6.1289	9.5939
41.6056	6.1319	9.6840
42.0033	6.1348	9.7770
42.4048	6.1377	9.8740
42.8101	6.1407	9.9748
43.2193	6.1439	10.0776
43.6324	6.1472	10.1813
44.0495	6.1506	10.2855
44.4705	6.1541	10.3889
44.8956	6.1576	10.4913
45.3247	6.1610	10.5948
45.7579	6.1645	10.7002
46.1953	6.1679	10.8074
46.6369	6.1714	10.9179
47.0826	6.1750	11.0320
47.5327	6.1788	11.1479
47.9870	6.1827	11.2652
48.4457	6.1869	11.3837
48.9087	6.1911	11.5018
49.3762	6.1955	11.6193
49.8482	6.1999	11.7373
50.3247	6.2043	11.8560
50.8057	6.2088	11.9760
51.2913	6.2133	12.0982
51.7816	6.2180	12.2232
52.2765	6.2228	12.3495
52.7762	6.2277	12.4761
53.2807	6.2328	12.6028
53.7899	6.2379	12.7289
54.3041	6.2430	12.8538
54.8231	6.2480	12.9793
55.3472	6.2530	13.1072
55.8762	6.2579	13.2388
56.4103	6.2629	13.3744
56.9495	6.2680	13.5137
57.4938	6.2733	13.6559
58.0434	6.2788	13.7989
58.5982	6.2844	13.9406
59.1583	6.2900	14.0807
59.7237	6.2956	14.2204
60.2946	6.3009	14.3603
60.8709	6.3060	14.5026
61.4528	6.3109	14.6506
62.0401	6.3156	14.8075
62.6331	6.3204	14.9739
63.2318	6.3254	15.1511
63.8362	6.3309	15.3398
64.4464	6.3370	15.5373
65.0624	6.3439	15.7394
65.6843	6.3515	15.9437
66.3121	6.3599	16.1476
66.9460	6.3689	16.3481
67.5859	6.3782	16.5456
68.2319	6.3877	16.7435
68.8841	6.3976	16.9433
69.5425	6.4079	17.1454
70.2072	6.4184	17.3509
70.8783	6.4295	17.5587
71.5558	6.4411	17.7647
72.2397	6.4530	17.9670
72.9302	6.4650	18.1665
73.6273	6.4771	18.3643
74.3311	6.4890	18.5633
75.0416	6.5008	18.7689
75.7588	6.5128	18.9842
76.4830	6.5252	19.2093
77.2140	6.5381	19.4436
77.9521	6.5518	19.6843
78.6972	6.5663	19.9258
79.4494	6.5815	20.1644
80.2088	6.5971	20.3998
80.9755	6.6129	20.6323
81.7495	6.6288	20.8647
82.5309	6.6446	21.1046
83.3197	6.6607	21.3565
84.1161	6.6774	21.6204
84.9201	6.6950	21.8969
85.7318	6.7137	22.1841
86.5513	6.7337	22.4762
87.3786	6.7552	22.7656
88.2138	6.7777	23.0479
89.0570	6.8009	23.3213
89.9082	6.8247	23.5834
90.7676	6.8483	23.8332
91.6352	6.8711	24.0823
92.5111	6.8936	24.3431
93.3953	6.9159	24.6154
94.2881	6.9380	24.9079
95.1893	6.9607	25.2328
96.0992	6.9851	25.5836
97.0177	7.0111	25.9530
97.9450	7.0395	26.3499
98.8812	7.0714	26.7600
99.8264	7.1064	27.1570
100.7806	7.1437	27.5351
101.7439	7.1828	27.8905
102.7164	7.2227	28.2126
103.6982	7.2615	28.5168
104.6894	7.2994	28.8356
105.6900	7.3371	29.1840
106.7003	7.3757	29.5686
107.7202	7.4164	29.9929
108.7498	7.4604	30.4456
109.7893	7.5081	30.9027
110.8387	7.5591	31.3484
111.8981	7.6123	31.7788
112.9677	7.6670	32.1982
114.0475	7.7226	32.6191
115.1376	7.7789	33.0636
116.2381	7.8373	33.5504
117.3492	7.8991	34.0834
118.4708	7.9659	34.6599
119.6032	8.0392	35.2693
120.7465	8.1199	35.8849
121.9006	8.2074	36.4836
123.0658	8.3008	37.0616
124.2421	8.3993	37.6166
125.4296	8.5019	38.1524
126.6286	8.6077	38.7003
127.8389	8.7185	39.2885
129.0609	8.8363	39.9196
130.2945	8.9632	40.5959
131.5399	9.1017	41.3100
132.7972	9.2542	42.0194
134.0665	9.4192	42.6875
135.3480	9.5954	43.3107
136.6417	9.7814	43.8910
137.9478	9.9756	44.4477
139.2663	10.1779	45.0401
140.5975	10.3934	45.7152
141.9414	10.6279	46.4764
143.2981	10.8879	47.3164
144.6678	11.1803	48.2084
146.0506	11.5117	49.0818
147.4466	11.8832	49.8553
148.8560	12.2928	50.4910
150.2788	12.7387	50.9783
151.7152	13.2180	51.3227
153.1654	13.7285	51.5748
154.6294	14.2743	51.8334
156.1074	14.8706	52.1688
157.5996	15.5377	52.5794
159.1060	16.2996	53.0259
160.6268	17.1842	53.4026
162.1621	18.2149	53.5046
163.7121	19.3979	53.1088
165.2770	20.7235	52.0681
166.8567	22.1725	50.2601
168.4516	23.6996	47.6130
170.0618	25.2467	44.1935
171.6873	26.7613	40.1016
173.3283	28.1860	35.3865
174.9851	29.4496	30.1447
176.6577	30.4957	24.5164
178.3462	31.2769	18.6090
180.0509	31.7521	12.5566
181.7719	31.9052	6.5515
183.5094	31.7571	0.7676
185.2634	31.3490	-4.6907
187.0343	30.7319	-9.8062
188.8220	29.9405	-14.5636
190.6269	29.0214	-18.9455
192.4489	28.0067	-22.9823
194.2884	26.9208	-26.6680
196.1455	25.7878	-29.9049
198.0204	24.6575	-32.6541
199.9131	23.5555	-34.9604
201.8240	22.5070	-36.8427
203.7531	21.5303	-38.3688
205.7007	20.6336	-39.6958
207.6668	19.7984	-40.9434
209.6518	19.0118	-42.1389
211.6557	18.2597	-43.3016
213.6788	17.5301	-44.4042
215.7213	16.8171	-45.3323
217.7832	16.1331	-45.9932
219.8649	15.4886	-46.3831
221.9664	14.8920	-46.5186
224.0881	14.3493	-46.4509
226.2300	13.8618	-46.3039
228.3924	13.4173	-46.1784
230.5755	13.0052	-46.0943
232.7794	12.6161	-46.0515
235.0044	12.2424	-46.0253
237.2507	11.8794	-45.9370
239.5184	11.5312	-45.7130
241.8078	11.2024	-45.3384
244.1191	10.8972	-44.8233
246.4525	10.6181	-44.1893
248.8082	10.3673	-43.4870
251.1864	10.1429	-42.7949
253.5874	9.9390	-42.1598
256.0113	9.7505	-41.5891
258.4583	9.5731	-41.0830
260.9288	9.4025	-40.6229
263.4228	9.2365	-40.1514
265.9407	9.0774	-39.6266
268.4827	8.9270	-39.0480
271.0490	8.7869	-38.4208
273.6398	8.6585	-37.7653
276.2553	8.5419	-37.1300
278.8959	8.4341	-36.5501
281.5617	8.3323	-36.0271
284.2530	8.2340	-35.5553
286.9700	8.1373	-35.1163
289.7130	8.0411	-34.6682
292.4822	7.9471	-34.1790
295.2778	7.8570	-33.6443
298.1002	7.7723	-33.0664
300.9496	7.6943	-32.4594
303.8262	7.6237	-31.8589
306.7303	7.5587	-31.2924
309.6621	7.4981	-30.7647
312.6220	7.4403	-30.2768
315.6102	7.3840	-29.8205
318.6269	7.3283	-29.3698
321.6725	7.2741	-28.9047
324.7472	7.2220	-28.4230
327.8512	7.1727	-27.9253
330.9850	7.1269	-27.4180
334.1487	7.0849	-26.9202
337.3426	7.0458	-26.4477
340.5671	7.0088	-26.0022
343.8223	6.9731	-25.5822
347.1087	6.9381	-25.1818
350.4265	6.9033	-24.7855
353.7761	6.8692	-24.3800
357.1576	6.8363	-23.9628
360.5715	6.8051	-23.5341
364.0179	6.7761	-23.0970
367.4974	6.7498	-22.6644
371.0101	6.7255	-22.2492
374.5563	6.7030	-21.8546
378.1365	6.6815	-21.4823
381.7509	6.6606	-21.1343
385.3998	6.6396	-20.8011
389.0836	6.6184	-20.4676
392.8027	6.5975	-20.1289
396.5572	6.5772	-19.7829
400.3477	6.5578	-19.4254
404.1744	6.5399	-19.0610
408.0376	6.5237	-18.7035
411.9378	6.5087	-18.3597
415.8753	6.4947	-18.0306
419.8504	6.4813	-17.7178
423.8635	6.4681	-17.4198
427.9150	6.4548	-17.1272
432.0052	6.4417	-16.8327
436.1344	6.4288	-16.5350
440.3032	6.4165	-16.2336
444.5118	6.4050	-15.9288
448.7606	6.3946	-15.6267
453.0501	6.3849	-15.3334
457.3805	6.3759	-15.0502
461.7523	6.3673	-14.7777
466.1659	6.3588	-14.5148
470.6218	6.3504	-14.2566
475.1201	6.3421	-13.9979
479.6615	6.3340	-13.7374
484.2463	6.3264	-13.4752
488.8750	6.3193	-13.2124
493.5478	6.3130	-12.9530
498.2654	6.3071	-12.7008
503.0280	6.3017	-12.4560
507.8361	6.2965	-12.2186
512.6903	6.2915	-11.9878
517.5908	6.2865	-11.7604
522.5381	6.2817	-11.5342
527.5327	6.2771	-11.3099
532.5751	6.2727	-11.0872
537.6657	6.2686	-10.8658
542.8049	6.2648	-10.6481
547.9933	6.2613	-10.4354
553.2312	6.2578	-10.2263
558.5192	6.2546	-10.0212
563.8578	6.2514	-9.8206
569.2474	6.2482	-9.6229
574.6885	6.2451	-9.4265
580.1816	6.2421	-9.2312
585.7272	6.2391	-9.0365
591.3258	6.2363	-8.8418
596.9780	6.2337	-8.6470
602.6841	6.2314	-8.4538
608.4448	6.2292	-8.2635
614.2606	6.2273	-8.0766
620.1319	6.2255	-7.8931
626.0594	6.2237	-7.7134
632.0435	6.2220	-7.5361
638.0849	6.2202	-7.3593
644.1840	6.2185	-7.1825
650.3413	6.2169	-7.0052
656.5576	6.2155	-6.8269
662.8332	6.2143	-6.6484
669.1688	6.2133	-6.4708
675.5650	6.2125	-6.2946
682.0224	6.2120	-6.1210
688.5414	6.2117	-5.9506
695.1228	6.2114	-5.7826
701.7670	6.2113	-5.6164
708.4748	6.2112	-5.4519
715.2467	6.2112	-5.2875
722.0833	6.2114	-5.1225
728.9853	6.2119	-4.9585
735.9533	6.2125	-4.7966
742.9878	6.2133	-4.6367
750.0896	6.2143	-4.4806
757.2592	6.2154	-4.3287
764.4974	6.2164	-4.1794
771.8048	6.2175	-4.0314
779.1821	6.2185	-3.8844
786.6298	6.2196	-3.7372
794.1487	6.2208	-3.5893
801.7395	6.2221	-3.4415
809.4029	6.2236	-3.2946
817.1395	6.2253	-3.1492
824.9500	6.2271	-3.0056
832.8353	6.2291	-2.8643
840.7958	6.2312	-2.7258
848.8325	6.2333	-2.5895
856.9460	6.2355	-2.4551
865.1371	6.2378	-2.3229
873.4064	6.2402	-2.1923
881.7548	6.2426	-2.0625
890.1829	6.2452	-1.9346
898.6917	6.2480	-1.8098
907.2817	6.2508	-1.6891
915.9539	6.2538	-1.5751
924.7090	6.2568	-1.4716
933.5477	6.2594	-1.3826
942.4710	6.2612	-1.3099
951.4795	6.2618	-1.2521
960.5741	6.2605	-1.2021
969.7557	6.2573	-1.1475
979.0250	6.2523	-1.0711
988.3829	6.2461	-0.9573
997.8303	6.2400	-0.7997
1007.3680	6.2351	-0.6029
1016.9970	6.2321	-0.3765
1026.7180	6.2317	-0.1396
1036.5310	6.2337	0.0891
1046.4390	6.2374	0.2990
1056.4410	6.2423	0.4880
1066.5390	6.2478	0.6579
1076.7340	6.2535	0.8133
1087.0260	6.2591	0.9603
1097.4160	6.2647	1.1039
1107.9050	6.2703	1.2460
1118.4950	6.2760	1.3872
1129.1860	6.2818	1.5281
1139.9790	6.2879	1.6681
1150.8760	6.2943	1.8050
1161.8760	6.3010	1.9362
1172.9820	6.3077	2.0609
1184.1940	6.3145	2.1789
1195.5130	6.3210	2.2906
1206.9400	6.3273	2.3980
1218.4770	6.3332	2.5046
1230.1230	6.3390	2.6149
1241.8810	6.3446	2.7279
1253.7520	6.3503	2.8452
1265.7360	6.3563	2.9669
1277.8340	6.3626	3.0868
1290.0480	6.3691	3.2029
1302.3790	6.3757	3.3137
1314.8280	6.3824	3.4201
1327.3950	6.3888	3.5214
1340.0830	6.3951	3.6228
1352.8920	6.4012	3.7272
1365.8240	6.4073	3.8353
1378.8790	6.4135	3.9468
1392.0590	6.4200	4.0615
1405.3640	6.4269	4.1755
1418.7970	6.4340	4.2855
1432.3590	6.4413	4.3908
1446.0500	6.4485	4.4920
1459.8720	6.4557	4.5903
1473.8260	6.4628	4.6895
1487.9130	6.4698	4.7921
1502.1360	6.4769	4.8987
1516.4940	6.4844	5.0077
1530.9890	6.4922	5.1186
1545.6230	6.5006	5.2273
1560.3960	6.5093	5.3290
1575.3110	6.5182	5.4229
1590.3690	6.5270	5.5087
1605.5700	6.5356	5.5880
1620.9170	6.5438	5.6635
1636.4100	6.5516	5.7393
1652.0520	6.5590	5.8191
1667.8430	6.5665	5.9043
1683.7850	6.5739	5.9930
1699.8790	6.5816	6.0851
1716.1270	6.5896	6.1769
1732.5310	6.5977	6.2648
1749.0910	6.6059	6.3487
1765.8090	6.6141	6.4296
1782.6880	6.6220	6.5084
1799.7270	6.6299	6.5887
1816.9300	6.6376	6.6725
1834.2970	6.6454	6.7597
1851.8300	6.6535	6.8505
1869.5300	6.6618	6.9429
1887.4000	6.6705	7.0332
1905.4410	6.6794	7.1198
1923.6540	6.6884	7.2016
1942.0410	6.6974	7.2798
1960.6030	6.7062	7.3550
1979.3440	6.7148	7.4318
1998.2630	6.7233	7.5121
2017.3630	6.7319	7.5969
2036.6460	6.7408	7.6862
2056.1130	6.7501	7.7776
2075.7660	6.7598	7.8676
2095.6070	6.7700	7.9532
2115.6380	6.7803	8.0327
2135.8600	6.7906	8.1055
2156.2760	6.8008	8.1736
2176.8860	6.8107	8.2392
2197.6940	6.8204	8.3067
2218.7000	6.8299	8.3791
2239.9080	6.8396	8.4569
2261.3180	6.8495	8.5399
2282.9320	6.8599	8.6262
2304.7530	6.8709	8.7098
2326.7830	6.8824	8.7869
2349.0230	6.8940	8.8558
2371.4760	6.9056	8.9154
2394.1440	6.9169	8.9680
2417.0280	6.9277	9.0193
2440.1310	6.9381	9.0750
2463.4550	6.9484	9.1361
2487.0020	6.9588	9.2037
2510.7730	6.9696	9.2754
2534.7720	6.9809	9.3458
2559.0010	6.9925	9.4095
2583.4610	7.0040	9.4659
2608.1550	7.0155	9.5162
2633.0840	7.0265	9.5632
2658.2520	7.0371	9.6130
2683.6610	7.0475	9.6705
2709.3130	7.0581	9.7361
2735.2090	7.0691	9.8084
2761.3540	7.0806	9.8839
2787.7480	7.0930	9.9578
2814.3940	7.1057	10.0239
2841.2950	7.1187	10.0818
2868.4540	7.1317	10.1330
2895.8720	7.1445	10.1801
2923.5510	7.1570	10.2275
2951.4960	7.1694	10.2817
2979.7080	7.1821	10.3450
3008.1890	7.1955	10.4145
3036.9420	7.2099	10.4872
3065.9710	7.2254	10.5564
3095.2770	7.2420	10.6120
3124.8620	7.2591	10.6466
3154.7310	7.2761	10.6587
3184.8850	7.2925	10.6468
3215.3280	7.3074	10.6154
3246.0610	7.3204	10.5759
3277.0880	7.3316	10.5382
3308.4120	7.3412	10.5095
3340.0350	7.3495	10.4972
3371.9610	7.3573	10.5034
3404.1910	7.3650	10.5234
3436.7300	7.3729	10.5523
3469.5800	7.3811	10.5871
3502.7430	7.3895	10.6250
3536.2240	7.3982	10.6643
3570.0250	7.4069	10.7080
3604.1490	7.4159	10.7590
3638.5980	7.4255	10.8164
3673.3780	7.4357	10.8793
3708.4890	7.4468	10.9462
3743.9370	7.4588	11.0124
3779.7230	7.4717	11.0726
3815.8510	7.4852	11.1243
3852.3240	7.4991	11.1668
3889.1460	7.5131	11.2003
3926.3210	7.5269	11.2277
3963.8500	7.5405	11.2543
4001.7380	7.5542	11.2846
4039.9880	7.5681	11.3184
4078.6040	7.5826	11.3531
4117.5890	7.5978	11.3844
4156.9470	7.6137	11.4044
4196.6810	7.6298	11.4059
4236.7940	7.6455	11.3886
4277.2910	7.6603	11.3548
4318.1750	7.6739	11.3075
4359.4500	7.6858	11.2533
4401.1200	7.6961	11.1983
4443.1870	7.7049	11.1447
4485.6570	7.7121	11.0949
4528.5330	7.7179	11.0530
4571.8180	7.7225	11.0216
4615.5180	7.7260	11.0035
4659.6350	7.7288	11.0029
4704.1740	7.7313	11.0213
4749.1380	7.7341	11.0579
4794.5320	7.7374	11.1108
4840.3600	7.7416	11.1768
4886.6260	7.7470	11.2523
4933.3350	7.7536	11.3330
4980.4900	7.7615	11.4147
5028.0950	7.7705	11.4941
5076.1560	7.7805	11.5681
5124.6760	7.7912	11.6349
5173.6600	7.8023	11.6949
5223.1120	7.8136	11.7504
5273.0360	7.8250	11.8037
5323.4380	7.8365	11.8594
5374.3220	7.8483	11.9203
5425.6920	7.8607	11.9858
5477.5530	7.8739	12.0549
5529.9090	7.8881	12.1247
5582.7670	7.9034	12.1892
5636.1290	7.9194	12.2449
5690.0010	7.9360	12.2903
5744.3890	7.9529	12.3246
5799.2960	7.9698	12.3498
5854.7280	7.9866	12.3705
5910.6900	8.0034	12.3898
5967.1870	8.0204	12.4074
6024.2240	8.0378	12.4210
6081.8060	8.0555	12.4259
6139.9380	8.0734	12.4156
6198.6260	8.0910	12.3848
6257.8750	8.1074	12.3336
6317.6900	8.1222	12.2662
6378.0780	8.1349	12.1900
6439.0420	8.1453	12.1125
6500.5890	8.1536	12.0424
6562.7240	8.1601	11.9858
6625.4530	8.1653	11.9449
6688.7820	8.1697	11.9201
6752.7160	8.1736	11.9122
6817.2620	8.1774	11.9192
6882.4240	8.1815	11.9382
6948.2090	8.1861	11.9673
7014.6230	8.1911	12.0040
7081.6710	8.1968	12.0459
7149.3610	8.2031	12.0925
7217.6970	8.2101	12.1435
7286.6870	8.2178	12.1979
7356.3360	8.2263	12.2545
7426.6510	8.2355	12.3111
7497.6380	8.2456	12.3648
7569.3040	8.2562	12.4124
7641.6540	8.2671	12.4541
7714.6960	8.2780	12.4908
7788.4360	8.2889	12.5241
7862.8820	8.2996	12.5583
7938.0380	8.3103	12.5968
8013.9130	8.3212	12.6391
8090.5140	8.3324	12.6848
8167.8460	8.3442	12.7325
8245.9180	8.3566	12.7776
8324.7350	8.3693	12.8167
8404.3070	8.3822	12.8498
8484.6390	8.3950	12.8775
8565.7380	8.4076	12.9009
8647.6130	8.4197	12.9252
8730.2710	8.4316	12.9548
8813.7180	8.4436	12.9905
8897.9630	8.4559	13.0323
8983.0140	8.4689	13.0791
9068.8770	8.4827	13.1251
9155.5610	8.4972	13.1647
9243.0740	8.5120	13.1956
9331.4230	8.5269	13.2162
9420.6160	8.5414	13.2288
9510.6620	8.5553	13.2394
9601.5690	8.5687	13.2539
9693.3450	8.5821	13.2753
9785.9980	8.5957	13.3050
9879.5370	8.6101	13.3364
9973.9690	8.6252	13.3604
10069.3000	8.6405	13.3731
10165.5500	8.6556	13.3724
10262.7200	8.6700	13.3586
10360.8100	8.6830	13.3414
10459.8500	8.6950	13.3302
10559.8300	8.7063	13.3272
10660.7600	8.7174	13.3335
10762.6600	8.7285	13.3482
10865.5300	8.7400	13.3651
10969.3900	8.7518	13.3788
11074.2400	8.7635	13.3887
11180.0900	8.7749	13.3946
11286.9600	8.7859	13.3983
11394.8400	8.7963	13.4043
11503.7600	8.8063	13.4166
11613.7200	8.8162	13.4369
11724.7300	8.8263	13.4654
11836.8000	8.8368	13.5006
11949.9400	8.8480	13.5376
12064.1600	8.8597	13.5721
12179.4700	8.8717	13.6022
12295.8900	8.8838	13.6274
12413.4200	8.8957	13.6496
12532.0700	8.9073	13.6733
12651.8600	8.9189	13.7026
12772.7900	8.9306	13.7384
12894.8800	8.9427	13.7804
13018.1300	8.9556	13.8257
13142.5600	8.9694	13.8695
13268.1900	8.9837	13.9071
13395.0100	8.9985	13.9359
13523.0400	9.0132	13.9559
13652.3000	9.0275	13.9685
13782.8000	9.0412	13.9769
13914.5400	9.0543	13.9861
14047.5400	9.0669	14.0005
14181.8100	9.0793	14.0213
14317.3700	9.0918	14.0484
14454.2200	9.1047	14.0804
14592.3800	9.1182	14.1129
14731.8600	9.1321	14.1407
14872.6700	9.1461	14.1619
15014.8300	9.1600	14.1761
15158.3500	9.1734	14.1837
15303.2400	9.1861	14.1890
15449.5100	9.1980	14.1977
15597.1900	9.2095	14.2119
15746.2700	9.2206	14.2331
15896.7800	9.2318	14.2623
16048.7300	9.2432	14.2964
16202.1300	9.2550	14.3320
16357.0000	9.2669	14.3683
16513.3400	9.2790	14.4054
16671.1800	9.2911	14.4440
16830.5300	9.3034	14.4878
16991.4100	9.3161	14.5389
17153.8200	9.3294	14.5955
17317.7800	9.3437	14.6548
17483.3100	9.3590	14.7131
17650.4200	9.3752	14.7641
17819.1300	9.3917	14.8049
17989.4600	9.4082	14.8376
18161.4100	9.4244	14.8647
18335.0000	9.4400	14.8898
18510.2500	9.4552	14.9193
18687.1800	9.4705	14.9556
18865.8000	9.4859	14.9972
19046.1300	9.5019	15.0436
19228.1800	9.5185	15.0920
19411.9700	9.5360	15.1361
19597.5200	9.5538	15.1730
19784.8400	9.5718	15.2027
19973.9500	9.5895	15.2247
20164.8700	9.6068	15.2410
20357.6200	9.6232	15.2588
20552.2000	9.6392	15.2837
20748.6500	9.6552	15.3168
20946.9700	9.6715	15.3585
21147.1900	9.6886	15.4074
21349.3300	9.7068	15.4564
21553.3900	9.7257	15.4980
21759.4100	9.7451	15.5310
21967.3900	9.7645	15.5542
22177.3700	9.7834	15.5685
22389.3500	9.8015	15.5811
22603.3500	9.8188	15.5994
22819.4100	9.8358	15.6265
23037.5200	9.8528	15.6667
23257.7300	9.8706	15.7223
23480.0300	9.8900	15.7878
23704.4600	9.9111	15.8564
23931.0400	9.9341	15.9243
24159.7800	9.9591	15.9838
24390.7100	9.9855	16.0283
24623.8500	10.0128	16.0594
24859.2100	10.0407	16.0782
25096.8300	10.0691	16.0828
25336.7100	10.0976	16.0745
25578.8900	10.1261	16.0535
25823.3900	10.1543	16.0159
26070.2200	10.1817	15.9607
26319.4100	10.2080	15.8883
26570.9800	10.2326	15.7960
26824.9600	10.2548	15.6830
27081.3600	10.2738	15.5521
27340.2100	10.2889	15.4053
27601.5400	10.2990	15.2495
27865.3700	10.3038	15.1023
28131.7200	10.3038	14.9851
28400.6100	10.3005	14.9122
28672.0800	10.2958	14.8907
28946.1400	10.2920	14.9184
29222.8200	10.2907	14.9775
29502.1400	10.2923	15.0418
29784.1300	10.2956	15.0969
30068.8200	10.2994	15.1445
30356.2300	10.3030	15.1935
30646.3900	10.3064	15.2569
30939.3200	10.3103	15.3477
31235.0500	10.3163	15.4672
31533.6100	10.3255	15.6019
31835.0200	10.3380	15.7361
32139.3100	10.3606	15.8605
32446.5100	10.3833	15.9716
32756.6500	10.4060	16.0718
33069.7500	10.4288	16.1675
33385.8500	10.4516	16.2631
33704.9600	10.4745	16.3604
34027.1300	10.4974	16.4581
34352.3700	10.5204	16.5497
34680.7300	10.5434	16.6316
35012.2200	10.5665	16.7030
35346.8800	10.5896	16.7622
35684.7400	10.6128	16.8102
36025.8300	10.6360	16.8540
36370.1800	10.6593	16.8972
36717.8200	10.6826	16.9372
37068.7900	10.7060	16.9707
37423.1100	10.7294	16.9915
37780.8100	10.7529	16.9897
38141.9400	10.7765	16.9578
38506.5100	10.8001	16.8994
38874.5700	10.8237	16.8170
39246.1500	10.8474	16.7232
39621.2800	10.8711	16.6198
40000.0000	10.8949	16.5239