Freq	dB	Phase
20.0000	46.2811	-170.1780
20.1912	46.4655	-170.3062
20.3842	46.6498	-170.4356
20.5790	46.8342	-170.5662
20.7757	47.0186	-170.6982
20.9743	47.2029	-170.8314
21.1748	47.3873	-170.9659
21.3772	47.5717	-171.1017
21.5815	47.7560	-171.2389
21.7878	47.9404	-171.3774
21.9960	48.1248	-171.5172
22.2063	48.3091	-171.6584
22.4185	48.4935	-171.8010
22.6328	48.6779	-171.9450
22.8492	48.8622	-172.0904
23.0676	49.0466	-172.2372
23.2881	49.2310	-172.3854
23.5107	49.4153	-172.5351
23.7354	49.5997	-172.6863
23.9623	49.7841	-172.8389
24.1913	49.9684	-172.9931
24.4225	50.1528	-173.1487
24.6560	50.3372	-173.3059
24.8916	50.5215	-173.4647
25.1296	50.7059	-173.6250
25.3698	50.8903	-173.7869
25.6123	51.0746	-173.9504
25.8571	51.2590	-174.1154
26.1042	51.4434	-174.2822
26.3537	51.6277	-174.4506
26.6056	51.8121	-174.6206
26.8599	51.9965	-174.7923
27.1167	52.1808	-174.9657
27.3759	52.3652	-175.1409
27.6375	52.5496	-175.3178
27.9017	52.7339	-175.4964
28.1684	52.9183	-175.6769
28.4377	53.1027	-175.8591
28.7095	53.2870	-176.0431
28.9839	53.4714	-176.2290
29.2609	53.6558	-176.4167
29.5406	53.8401	-176.6063
29.8230	54.0245	-176.7978
30.1080	54.2089	-176.9913
30.3958	54.3932	-177.1866
30.6864	54.5776	-177.3840
30.9797	54.7620	-177.5833
31.2758	54.9463	-177.7846
31.5747	55.1307	-177.9879
31.8765	55.3151	-178.1933
32.1812	55.4994	-178.4008
32.4888	55.6838	-178.6104
32.7994	55.8682	-178.8220
33.1129	56.0525	-179.0359
33.4294	56.2369	-179.2519
33.7489	56.4213	-179.4701
34.0715	56.6056	-179.6905
34.3972	56.7900	-179.9132
34.7260	56.9744	179.8619
35.0579	57.1587	179.6346
35.3930	57.3431	179.4051
35.7313	57.5275	179.1731
36.0728	57.7118	178.9388
36.4176	57.8962	178.7021
36.7657	58.0806	178.4629
37.1171	58.2649	178.2213
37.4719	58.4493	177.9772
37.8301	58.6337	177.7305
38.1917	58.8180	177.4813
38.5567	59.0024	177.2295
38.9253	59.1868	176.9751
39.2973	59.3711	176.7180
39.6730	59.5555	176.4583
40.0522	59.7399	176.1958
40.4350	59.9242	175.9305
40.8215	60.1086	175.6625
41.2117	60.2930	175.3916
41.6056	60.4773	175.1179
42.0033	60.6617	174.8413
42.4048	60.8461	174.5617
42.8101	61.0304	174.2792
43.2193	61.2148	173.9937
43.6324	61.3992	173.7051
44.0495	61.5835	173.4134
44.4705	61.7679	173.1185
44.8956	61.9523	172.8205
45.3247	62.1366	172.5193
45.7579	62.3210	172.2148
46.1953	62.5054	171.9071
46.6369	62.6897	171.5959
47.0826	62.8741	171.2814
47.5327	63.0585	170.9634
47.9870	63.2428	170.6419
48.4457	63.4272	170.3168
48.9087	63.6116	169.9882
49.3762	63.7959	169.6559
49.8482	63.9803	169.3199
50.3247	64.1647	168.9801
50.8057	64.3490	168.6365
51.2913	64.5334	168.2891
51.7816	64.7178	167.9377
52.2765	64.9021	167.5823
52.7762	65.0865	167.2229
53.2807	65.2709	166.8593
53.7899	65.4552	166.4915
54.3041	65.6396	166.1195
54.8231	65.8240	165.7432
55.3472	66.0083	165.3624
55.8762	66.1927	164.9772
56.4103	66.3771	164.5875
56.9495	66.5614	164.1931
57.4938	66.7458	163.7940
58.0434	66.9302	163.3901
58.5982	67.1145	162.9813
59.1583	67.2989	162.5676
59.7237	67.4833	162.1488
60.2946	67.6676	161.7248
60.8709	67.8520	161.2956
61.4528	68.0364	160.8610
62.0401	68.2207	160.4210
62.6331	68.4051	159.9754
63.2318	68.5895	159.5240
63.8362	68.7738	159.0669
64.4464	68.9582	158.6038
65.0624	69.1426	158.1346
65.6843	69.3269	157.6592
66.3121	69.5113	157.1774
66.9460	69.6957	156.6891
67.5859	69.8800	156.1941
68.2319	70.0644	155.6923
68.8841	70.2488	155.1834
69.5425	70.4331	154.6673
70.2072	70.6175	154.1437
70.8783	70.8019	153.6125
71.5558	70.9862	153.0734
72.2397	71.1706	152.5261
72.9302	71.3550	151.9703
73.6273	71.5393	151.4059
74.3311	71.7237	150.8323
75.0416	71.9081	150.2492
75.7588	72.0924	149.6563
76.4830	72.2768	149.0530
77.2140	72.4612	148.4386
77.9521	72.6455	147.8126
78.6972	72.8299	147.1739
79.4494	73.0142	146.5237
80.2088	73.1989	145.8496
80.9755	73.3826	145.1364
81.7495	73.5638	144.4143
82.5309	73.7447	143.6889
83.3197	73.9244	142.9348
84.1161	74.1017	142.1801
84.9201	74.2792	141.4186
85.7318	74.4549	140.6275
86.5513	74.6286	139.8392
87.3786	74.8024	139.0392
88.2138	74.9741	138.2121
89.0570	75.1440	137.3863
89.9082	75.3135	136.5427
90.7676	75.4805	135.6814
91.6352	75.6463	134.8067
92.5111	75.8095	133.9120
93.3953	75.9703	133.0283
94.2881	76.1312	132.1239
95.1893	76.2883	131.1970
96.0992	76.4440	130.2717
97.0177	76.5975	129.3285
97.9450	76.7482	128.3868
98.8812	76.8980	127.4258
99.8264	77.0436	126.4566
100.7806	77.1882	125.4966
101.7439	77.3306	124.5241
102.7164	77.4712	123.5377
103.6982	77.6087	122.5467
104.6894	77.7446	121.5538
105.6900	77.8780	120.5468
106.7003	78.0088	119.5332
107.7202	78.1369	118.5243
108.7498	78.2636	117.5049
109.7893	78.3868	116.4782
110.8387	78.5082	115.4559
111.8981	78.6272	114.4233
112.9677	78.7435	113.3859
114.0475	78.8571	112.3474
115.1376	78.9683	111.3138
116.2381	79.0776	110.2739
117.3492	79.1838	109.2290
118.4708	79.2879	108.1874
119.6032	79.3893	107.1431
120.7465	79.4882	106.1016
121.9006	79.5849	105.0652
123.0658	79.6796	104.0224
124.2421	79.7713	102.9803
125.4296	79.8611	101.9468
126.6286	79.9487	100.9102
127.8389	80.0341	99.8664
129.0609	80.1164	98.8283
130.2945	80.1969	97.7970
131.5399	80.2750	96.7575
132.7972	80.3501	95.7241
134.0665	80.4234	94.6946
135.3480	80.4940	93.6588
136.6417	80.5616	92.6306
137.9478	80.6270	91.6092
139.2663	80.6898	90.5875
140.5975	80.7498	89.5718
141.9414	80.8073	88.5647
143.2981	80.8624	87.5653
144.6678	80.9151	86.5712
146.0506	80.9651	85.5884
147.4466	81.0132	84.6159
148.8560	81.0588	83.6508
150.2788	81.1023	82.6990
151.7152	81.1439	81.7580
153.1654	81.1836	80.8279
154.6294	81.2215	79.9109
156.1074	81.2578	79.0053
157.5996	81.2925	78.1090
159.1060	81.3256	77.2249
160.6268	81.3575	76.3513
162.1621	81.3879	75.4838
163.7121	81.4168	74.6261
165.2770	81.4444	73.7773
166.8567	81.4706	72.9347
168.4516	81.4952	72.0994
170.0618	81.5183	71.2728
171.6873	81.5399	70.4533
173.3283	81.5597	69.6415
174.9851	81.5780	68.8395
176.6577	81.5946	68.0458
178.3462	81.6095	67.2627
180.0509	81.6226	66.4913
181.7719	81.6341	65.7330
183.5094	81.6441	64.9892
185.2634	81.6527	64.2605
187.0343	81.6599	63.5473
188.8220	81.6659	62.8511
190.6269	81.6708	62.1723
192.4489	81.6750	61.5107
194.2884	81.6784	60.8664
196.1455	81.6812	60.2395
198.0204	81.6836	59.6295
199.9131	81.6858	59.0355
201.8240	81.6878	58.4568
203.7531	81.6897	57.8926
205.7007	81.6916	57.3421
207.6668	81.6935	56.8045
209.6518	81.6956	56.2792
211.6557	81.6977	55.7656
213.6788	81.6999	55.2633
215.7213	81.7023	54.7721
217.7832	81.7048	54.2913
219.8649	81.7075	53.8209
221.9664	81.7103	53.3607
224.0881	81.7132	52.9107
226.2300	81.7163	52.4714
228.3924	81.7196	52.0433
230.5755	81.7231	51.6270
232.7794	81.7270	51.2227
235.0044	81.7313	50.8308
237.2507	81.7361	50.4514
239.5184	81.7416	50.0846
241.8078	81.7479	49.7304
244.1191	81.7551	49.3880
246.4525	81.7633	49.0570
248.8082	81.7728	48.7366
251.1864	81.7835	48.4260
253.5874	81.7957	48.1237
256.0113	81.8093	47.8284
258.4583	81.8245	47.5385
260.9288	81.8413	47.2522
263.4228	81.8596	46.9677
265.9407	81.8795	46.6832
268.4827	81.9008	46.3981
271.0490	81.9234	46.1105
273.6398	81.9474	45.8191
276.2553	81.9725	45.5220
278.8959	81.9985	45.2196
281.5617	82.0255	44.9110
284.2530	82.0531	44.5942
286.9700	82.0811	44.2720
289.7130	82.1097	43.9436
292.4822	82.1384	43.6081
295.2778	82.1674	43.2672
298.1002	82.1965	42.9201
300.9496	82.2255	42.5677
303.8262	82.2544	42.2114
306.7303	82.2832	41.8510
309.6621	82.3119	41.4862
312.6220	82.3403	41.1188
315.6102	82.3685	40.7489
318.6269	82.3966	40.3763
321.6725	82.4244	40.0012
324.7472	82.4521	39.6239
327.8512	82.4795	39.2442
330.9850	82.5068	38.8610
334.1487	82.5338	38.4757
337.3426	82.5606	38.0871
340.5671	82.5870	37.6945
343.8223	82.6132	37.2984
347.1087	82.6390	36.8980
350.4265	82.6643	36.4925
353.7761	82.6891	36.0826
357.1576	82.7133	35.6683
360.5715	82.7368	35.2488
364.0179	82.7595	34.8244
367.4974	82.7812	34.3960
371.0101	82.8020	33.9641
374.5563	82.8216	33.5293
378.1365	82.8402	33.0926
381.7509	82.8575	32.6551
385.3998	82.8737	32.2173
389.0836	82.8886	31.7803
392.8027	82.9023	31.3460
396.5572	82.9148	30.9152
400.3477	82.9262	30.4889
404.1744	82.9366	30.0680
408.0376	82.9461	29.6538
411.9378	82.9547	29.2465
415.8753	82.9627	28.8466
419.8504	82.9702	28.4544
423.8635	82.9772	28.0698
427.9150	82.9840	27.6927
432.0052	82.9906	27.3229
436.1344	82.9973	26.9593
440.3032	83.0040	26.6012
444.5118	83.0109	26.2480
448.7606	83.0180	25.8981
453.0501	83.0254	25.5503
457.3805	83.0331	25.2034
461.7523	83.0410	24.8562
466.1659	83.0491	24.5076
470.6218	83.0574	24.1566
475.1201	83.0658	23.8023
479.6615	83.0741	23.4439
484.2463	83.0823	23.0809
488.8750	83.0902	22.7129
493.5478	83.0977	22.3398
498.2654	83.1047	21.9616
503.0280	83.1110	21.5787
507.8361	83.1166	21.1914
512.6903	83.1215	20.8001
517.5908	83.1254	20.4056
522.5381	83.1283	20.0082
527.5327	83.1302	19.6086
532.5751	83.1311	19.2075
537.6657	83.1309	18.8054
542.8049	83.1296	18.4027
547.9933	83.1272	17.9998
553.2312	83.1237	17.5972
558.5192	83.1191	17.1948
563.8578	83.1134	16.7930
569.2474	83.1065	16.3917
574.6885	83.0984	15.9912
580.1816	83.0892	15.5914
585.7272	83.0787	15.1921
591.3258	83.0670	14.7936
596.9780	83.0539	14.3964
602.6841	83.0395	14.0002
608.4448	83.0236	13.6054
614.2606	83.0062	13.2126
620.1319	82.9873	12.8225
626.0594	82.9668	12.4352
632.0435	82.9446	12.0518
638.0849	82.9207	11.6732
644.1840	82.8950	11.3005
650.3413	82.8677	10.9349
656.5576	82.8385	10.5777
662.8332	82.8076	10.2308
669.1688	82.7751	9.8943
675.5650	82.7409	9.5703
682.0224	82.7052	9.2607
688.5414	82.6681	8.9663
695.1228	82.6297	8.6881
701.7670	82.5902	8.4274
708.4748	82.5499	8.1858
715.2467	82.5088	7.9631
722.0833	82.4672	7.7596
728.9853	82.4252	7.5761
735.9533	82.3832	7.4124
742.9878	82.3413	7.2682
750.0896	82.2996	7.1426
757.2592	82.2583	7.0357
764.4974	82.2177	6.9476
771.8048	82.1779	6.8763
779.1821	82.1391	6.8209
786.6298	82.1012	6.7807
794.1487	82.0645	6.7543
801.7395	82.0290	6.7408
809.4029	81.9948	6.7398
817.1395	81.9619	6.7504
824.9500	81.9303	6.7718
832.8353	81.9003	6.8033
840.7958	81.8716	6.8440
848.8325	81.8446	6.8935
856.9460	81.8191	6.9506
865.1371	81.7951	7.0150
873.4064	81.7728	7.0859
881.7548	81.7521	7.1629
890.1829	81.7331	7.2453
898.6917	81.7158	7.3323
907.2817	81.7003	7.4230
915.9539	81.6865	7.5165
924.7090	81.6744	7.6118
933.5477	81.6641	7.7080
942.4710	81.6554	7.8042
951.4795	81.6485	7.8994
960.5741	81.6432	7.9927
969.7557	81.6396	8.0831
979.0250	81.6374	8.1694
988.3829	81.6368	8.2506
997.8303	81.6374	8.3257
1007.3680	81.6393	8.3937
1016.9970	81.6422	8.4543
1026.7180	81.6460	8.5073
1036.5310	81.6507	8.5526
1046.4390	81.6559	8.5902
1056.4410	81.6617	8.6203
1066.5390	81.6678	8.6430
1076.7340	81.6741	8.6586
1087.0260	81.6804	8.6681
1097.4160	81.6867	8.6726
1107.9050	81.6927	8.6738
1118.4950	81.6984	8.6743
1129.1860	81.7037	8.6772
1139.9790	81.7084	8.6865
1150.8760	81.7127	8.6965
1161.8760	81.7146	8.8057
1172.9820	81.7252	9.0933
1184.1940	81.7535	9.3446
1195.5130	81.7872	9.4226
1206.9400	81.8211	9.4104
1218.4770	81.8538	9.3861
1230.1230	81.8887	9.3926
1241.8810	81.9289	9.4122
1253.7520	81.9767	9.3885
1265.7360	82.0304	9.2349
1277.8340	82.0842	8.8897
1290.0480	82.1307	8.3295
1302.3790	82.1610	7.6090
1314.8280	82.1724	6.8588
1327.3950	82.1680	6.1674
1340.0830	82.1524	5.5458
1352.8920	82.1281	4.9828
1365.8240	82.0971	4.4690
1378.8790	82.0609	3.9618
1392.0590	82.0170	3.4115
1405.3640	81.9605	2.8390
1418.7970	81.8902	2.3058
1432.3590	81.8061	1.9154
1446.0500	81.7163	1.7587
1459.8720	81.6301	1.8159
1473.8260	81.5535	1.9908
1487.9130	81.4861	2.1832
1502.1360	81.4251	2.3184
1516.4940	81.3633	2.4001
1530.9890	81.2987	2.5028
1545.6230	81.2323	2.6451
1560.3960	81.1625	2.8747
1575.3110	81.0940	3.2860
1590.3690	81.0351	3.9159
1605.5700	80.9957	4.6646
1620.9170	80.9745	5.3923
1636.4100	80.9683	6.0184
1652.0520	80.9695	6.5303
1667.8430	80.9749	6.9768
1683.7850	80.9827	7.4079
1699.8790	80.9944	7.8976
1716.1270	81.0169	8.4267
1732.5310	81.0500	8.9194
1749.0910	81.0930	9.3482
1765.8090	81.1451	9.6605
1782.6880	81.2017	9.7603
1799.7270	81.2522	9.6029
1816.9300	81.2865	9.2567
1834.2970	81.2993	8.8958
1851.8300	81.2969	8.6593
1869.5300	81.2860	8.5667
1887.4000	81.2723	8.6265
1905.4410	81.2633	8.7641
1923.6540	81.2568	8.8475
1942.0410	81.2456	8.8652
1960.6030	81.2262	8.9621
1979.3440	81.2076	9.1867
1998.2630	81.1909	9.4496
2017.3630	81.1732	9.7867
2036.6460	81.1590	10.3136
2056.1130	81.1589	11.0319
2075.7660	81.1789	11.8430
2095.6070	81.2208	12.6123
2115.6380	81.2786	13.2308
2135.8600	81.3450	13.6950
2156.2760	81.4156	14.0021
2176.8860	81.4821	14.2698
2197.6940	81.5532	14.5971
2218.7000	81.6318	14.8901
2239.9080	81.7148	15.1057
2261.3180	81.8010	15.2591
2282.9320	81.8897	15.3702
2304.7530	81.9822	15.4570
2326.7830	82.0809	15.4527
2349.0230	82.1802	15.3084
2371.4760	82.2780	15.0082
2394.1440	82.3673	14.5324
2417.0280	82.4422	13.9820
2440.1310	82.5059	13.4610
2463.4550	82.5626	12.9869
2487.0020	82.6159	12.5168
2510.7730	82.6647	12.0162
2534.7720	82.7089	11.4801
2559.0010	82.7477	10.8905
2583.4610	82.7791	10.2326
2608.1550	82.8008	9.4644
2633.0840	82.8054	8.5693
2658.2520	82.7863	7.6432
2683.6610	82.7435	6.8798
2709.3130	82.6886	6.4374
2735.2090	82.6368	6.2979
2761.3540	82.5973	6.3205
2787.7480	82.5716	6.3423
2814.3940	82.5535	6.2699
2841.2950	82.5374	6.0617
2868.4540	82.5138	5.7490
2895.8720	82.4795	5.4507
2923.5510	82.4365	5.2890
2951.4960	82.3933	5.3019
2979.7080	82.3541	5.5379
3008.1890	82.3329	5.9978
3036.9420	82.3375	6.4652
3065.9710	82.3615	6.7050
3095.2770	82.3906	6.5947
3124.8620	82.4069	6.2090
3154.7310	82.4036	5.7323
3184.8850	82.3803	5.3405
3215.3280	82.3447	5.2134
3246.0610	82.3133	5.3918
3277.0880	82.2976	5.7568
3308.4120	82.3024	6.1154
3340.0350	82.3217	6.2374
3371.9610	82.3368	6.1286
3404.1910	82.3436	5.9797
3436.7300	82.3443	5.9143
3469.5800	82.3466	5.9793
3502.7430	82.3575	6.0959
3536.2240	82.3759	6.1653
3570.0250	82.3986	6.2157
3604.1490	82.4303	6.2409
3638.5980	82.4698	6.0863
3673.3780	82.5059	5.6253
3708.4890	82.5230	4.9041
3743.9370	82.5129	4.2268
3779.7230	82.4918	3.8202
3815.8510	82.4757	3.5085
3852.3240	82.4601	3.0398
3889.1460	82.4340	2.2877
3926.3210	82.3792	1.2917
3963.8500	82.2861	0.3073
4001.7380	82.1607	-0.4420
4039.9880	82.0114	-0.8205
4078.6040	81.8531	-0.6995
4117.5890	81.7065	-0.1075
4156.9470	81.5838	0.7788
4196.6810	81.4894	1.6888
4236.7940	81.4093	2.4861
4277.2910	81.3360	3.2320
4318.1750	81.2639	3.9932
4359.4500	81.1901	5.0101
4401.1200	81.1336	6.5319
4443.1870	81.1204	8.4295
4485.6570	81.1571	10.3943
4528.5330	81.2401	12.2778
4571.8180	81.3682	13.9620
4615.5180	81.5329	15.2669
4659.6350	81.7189	15.9813
4704.1740	81.8958	16.1604
4749.1380	82.0529	16.1926
4794.5320	82.2007	16.3638
4840.3600	82.3569	16.6664
4886.6260	82.5297	16.8372
4933.3350	82.7080	16.6889
4980.4900	82.8813	16.2180
5028.0950	83.0397	15.4822
5076.1560	83.1778	14.6296
5124.6760	83.3007	13.6962
5173.6600	83.4042	12.5793
5223.1120	83.4767	11.4699
5273.0360	83.5323	10.6695
5323.4380	83.5925	10.1064
5374.3220	83.6629	9.5074
5425.6920	83.7366	8.6204
5477.5530	83.7929	7.4922
5529.9090	83.8315	6.3379
5582.7670	83.8559	5.2049
5636.1290	83.8685	4.0919
5690.0010	83.8720	2.9543
5744.3890	83.8637	1.7183
5799.2960	83.8370	0.4260
5854.7280	83.7938	-0.8368
5910.6900	83.7373	-2.1083
5967.1870	83.6642	-3.4932
6024.2240	83.5647	-5.0447
6081.8060	83.4263	-6.5626
6139.9380	83.2581	-7.7891
6198.6260	83.0732	-8.6908
6257.8750	82.8812	-9.4129
6317.6900	82.6769	-10.0498
6378.0780	82.4577	-10.4549
6439.0420	82.2350	-10.5609
6500.5890	82.0131	-10.4232
6562.7240	81.7962	-10.0645
6625.4530	81.5863	-9.4938
6688.7820	81.3874	-8.7323
6752.7160	81.1995	-7.7458
6817.2620	81.0311	-6.4656
6882.4240	80.8924	-4.9480
6948.2090	80.7890	-3.4280
7014.6230	80.7075	-2.0236
7081.6710	80.6427	-0.5710
7149.3610	80.6034	0.9669
7217.6970	80.5908	2.4453
7286.6870	80.5986	3.7550
7356.3360	80.6171	4.9911
7426.6510	80.6528	6.2234
7497.6380	80.7052	7.3411
7569.3040	80.7684	8.3075
7641.6540	80.8383	9.2064
7714.6960	80.9198	10.0276
7788.4360	81.0081	10.6899
7862.8820	81.0988	11.1836
7938.0380	81.1858	11.5747
8013.9130	81.2715	11.9558
8090.5140	81.3600	12.2550
8167.8460	81.4439	12.4755
8245.9180	81.5273	12.6925
8324.7350	81.6116	12.8462
8404.3070	81.6933	12.8860
8484.6390	81.7671	12.9478
8565.7380	81.8458	13.0198
8647.6130	81.9227	12.9459
8730.2710	81.9914	12.8082
8813.7180	82.0546	12.7282
8897.9630	82.1200	12.6538
8983.0140	82.1841	12.4772
9068.8770	82.2415	12.2566
9155.5610	82.2961	12.0211
9243.0740	82.3460	11.7378
9331.4230	82.3906	11.4024
9420.6160	82.4269	11.0769
9510.6620	82.4615	10.7714
9601.5690	82.4926	10.3895
9693.3450	82.5155	9.8878
9785.9980	82.5228	9.3868
9879.5370	82.5229	8.9631
9973.9690	82.5164	8.5159
10069.3000	82.4980	8.0865
10165.5500	82.4725	7.7356
10262.7200	82.4409	7.4525
10360.8100	82.4059	7.2207
10459.8500	82.3666	7.0184
10559.8300	82.3230	6.8606
10660.7600	82.2760	6.7223
10762.6600	82.2217	6.6339
10865.5300	82.1638	6.6251
10969.3900	82.1003	6.8033
11074.2400	82.0471	7.1247
11180.0900	81.9972	7.4704
11286.9600	81.9524	7.9337
11394.8400	81.9185	8.4863
11503.7600	81.8952	9.0207
11613.7200	81.8764	9.5374
11724.7300	81.8625	10.1205
11836.8000	81.8572	10.8196
11949.9400	81.8670	11.5686
12064.1600	81.8888	12.3029
12179.4700	81.9225	13.0598
12295.8900	81.9711	13.8124
12413.4200	82.0328	14.5645
12532.0700	82.1134	15.2072
12651.8600	82.1996	15.6957
12772.7900	82.2929	16.1644
12894.8800	82.3976	16.5625
13018.1300	82.5093	16.8362
13142.5600	82.6272	16.9863
13268.1900	82.7484	17.0028
13395.0100	82.8715	16.8646
13523.0400	82.9922	16.5635
13652.3000	83.1084	16.1114
13782.8000	83.2175	15.4664
13914.5400	83.3122	14.6685
14047.5400	83.3938	13.7307
14181.8100	83.4555	12.6395
14317.3700	83.4952	11.4559
14454.2200	83.5113	10.1924
14592.3800	83.5006	8.8655
14731.8600	83.4600	7.5706
14872.6700	83.3945	6.3478
15014.8300	83.3020	5.2246
15158.3500	83.1872	4.2570
15303.2400	83.0517	3.4652
15449.5100	82.8992	2.9058
15597.1900	82.7357	2.6088
15746.2700	82.5660	2.6194
15896.7800	82.4000	2.9395
16048.7300	82.2427	3.5407
16202.1300	82.1015	4.3874
16357.0000	81.9791	5.4340
16513.3400	81.8800	6.6556
16671.1800	81.8068	8.0085
16830.5300	81.7624	9.4245
16991.4100	81.7447	10.8778
17153.8200	81.7575	12.3271
17317.7800	81.7977	13.6574
17483.3100	81.8588	14.8649
17650.4200	81.9408	15.9375
17819.1300	82.0381	16.8349
17989.4600	82.1478	17.5476
18161.4100	82.2648	18.0173
18335.0000	82.3800	18.2724
18510.2500	82.4915	18.3928
18687.1800	82.5987	18.3523
18865.8000	82.6951	18.1650
19046.1300	82.7806	17.8416
19228.1800	82.8479	17.4061
19411.9700	82.8967	16.9601
19597.5200	82.9284	16.5798
19784.8400	82.9485	16.3076
19973.9500	82.9612	16.1016
20164.8700	82.9650	15.9457
20357.6200	82.9611	15.8916
20552.2000	82.9526	16.0024
20748.6500	82.9466	16.3225
20946.9700	82.9512	16.7902
21147.1900	82.9667	17.3438
21349.3300	82.9952	18.0109
21553.3900	83.0424	18.7556
21759.4100	83.1080	19.5587
21967.3900	83.1984	20.3613
22177.3700	83.3100	21.0724
22389.3500	83.4416	21.6458
22603.3500	83.5877	22.0405
22819.4100	83.7446	22.3031
23037.5200	83.9144	22.4379
23257.7300	84.0962	22.3366
23480.0300	84.2819	21.8895
23704.4600	84.4594	21.1304
23931.0400	84.6254	20.1199
24159.7800	84.7745	18.8572
24390.7100	84.9016	17.3735
24623.8500	85.0030	15.7006
24859.2100	85.0749	13.8810
25096.8300	85.1163	11.9418
25336.7100	85.1235	9.8849
25578.8900	85.0928	7.7582
25823.3900	85.0233	5.5718
26070.2200	84.9085	3.2861
26319.4100	84.7365	1.0579
26570.9800	84.5107	-0.7131
26824.9600	84.2579	-1.8040
27081.3600	84.0022	-2.4206
27340.2100	83.7442	-2.7472
27601.5400	83.4878	-2.7884
27865.3700	83.2360	-2.6031
28131.7200	82.9864	-2.1398
28400.6100	82.7483	-1.3361
28672.0800	82.5272	-0.1830
28946.1400	82.3341	1.3218
29222.8200	82.1772	3.1131
29502.1400	82.0642	5.1191
29784.1300	82.0018	7.1907
30068.8200	81.9891	9.0421
30356.2300	82.0082	10.3884
30646.3900	82.0303	11.2620
30939.3200	82.0422	12.0002
31235.0500	82.0518	12.7904
31533.6100	82.0632	13.6203
31835.0200	82.0791	14.5095
32139.3100	82.1052	15.4222
32446.5100	82.1406	16.2704
32756.6500	82.1813	17.0105
33069.7500	82.2218	17.6795
33385.8500	82.2620	18.3383
33704.9600	82.3020	19.0167
34027.1300	82.3423	19.8256
34352.3700	82.3942	20.8841
34680.7300	82.4727	22.1339
35012.2200	82.5853	23.3485
35346.8800	82.7263	24.2957
35684.7400	82.8820	24.9108
36025.8300	83.0441	25.2310
36370.1800	83.2062	25.2510
36717.8200	83.3595	24.9683
37068.7900	83.4966	24.4305
37423.1100	83.6126	23.7051
37780.8100	83.7055	22.7921
38141.9400	83.7674	21.6657
38506.5100	83.7890	20.4131
38874.5700	83.7671	19.1234
39246.1500	83.6946	17.9177
39621.2800	83.5708	17.0159
40000.0000	83.3967	17.3975