Freq	dB	Phase
20.0000	68.2968	128.2037
20.1737	68.4281	127.9051
20.3488	68.5594	127.6029
20.5255	68.6906	127.2969
20.7037	68.8219	126.9870
20.8835	68.9531	126.6731
21.0648	69.0844	126.3551
21.2478	69.2157	126.0329
21.4322	69.3469	125.7063
21.6183	69.4782	125.3752
21.8061	69.6094	125.0395
21.9954	69.7407	124.6991
22.1864	69.8720	124.3536
22.3790	70.0032	124.0029
22.5733	70.1345	123.6468
22.7693	70.2657	123.2850
22.9670	70.3970	122.9171
23.1665	70.5283	122.5429
23.3676	70.6595	122.1619
23.5705	70.7908	121.7734
23.7752	70.9220	121.3766
23.9816	71.0533	120.9702
24.1899	71.1846	120.5519
24.3999	71.3158	120.0792
24.6118	71.4425	119.5920
24.8255	71.5685	119.1370
25.0410	71.6939	118.6781
25.2585	71.8184	118.2152
25.4778	71.9422	117.7486
25.6990	72.0653	117.2770
25.9221	72.1877	116.8006
26.1472	72.3092	116.3194
26.3743	72.4299	115.8344
26.6033	72.5499	115.3450
26.8343	72.6690	114.8509
27.0673	72.7873	114.3527
27.3023	72.9048	113.8504
27.5394	73.0215	113.3434
27.7785	73.1372	112.8326
28.0197	73.2521	112.3186
28.2630	73.3662	111.8006
28.5084	73.4794	111.2782
28.7559	73.5917	110.7509
29.0056	73.7030	110.2195
29.2575	73.8133	109.6852
29.5115	73.9227	109.1477
29.7677	74.0311	108.6066
30.0262	74.1384	108.0629
30.2869	74.2448	107.5166
30.5499	74.3501	106.9678
30.8152	74.4545	106.4172
31.0827	74.5578	105.8643
31.3526	74.6601	105.3091
31.6249	74.7614	104.7526
31.8995	74.8617	104.1951
32.1765	74.9611	103.6358
32.4558	75.0594	103.0746
32.7377	75.1566	102.5134
33.0219	75.2530	101.9515
33.3086	75.3483	101.3880
33.5979	75.4427	100.8245
33.8896	75.5361	100.2611
34.1839	75.6285	99.6967
34.4807	75.7200	99.1325
34.7801	75.8106	98.5688
35.0821	75.9002	98.0053
35.3867	75.9890	97.4423
35.6939	76.0768	96.8793
36.0039	76.1638	96.3172
36.3165	76.2499	95.7561
36.6318	76.3352	95.1955
36.9499	76.4197	94.6360
37.2707	76.5034	94.0773
37.5944	76.5862	93.5198
37.9208	76.6684	92.9638
38.2501	76.7498	92.4085
38.5822	76.8304	91.8543
38.9172	76.9103	91.3018
39.2551	76.9896	90.7503
39.5960	77.0682	90.2002
39.9398	77.1461	89.6513
40.2866	77.2234	89.1037
40.6364	77.3001	88.5575
40.9892	77.3762	88.0124
41.3451	77.4517	87.4683
41.7041	77.5266	86.9254
42.0662	77.6010	86.3837
42.4315	77.6748	85.8430
42.7999	77.7482	85.3033
43.1716	77.8210	84.7644
43.5464	77.8933	84.2265
43.9245	77.9652	83.6890
44.3059	78.0366	83.1523
44.6906	78.1075	82.6160
45.0787	78.1780	82.0802
45.4701	78.2480	81.5448
45.8649	78.3176	81.0093
46.2632	78.3868	80.4740
46.6649	78.4555	79.9389
47.0701	78.5238	79.4033
47.4788	78.5916	78.8674
47.8910	78.6591	78.3312
48.3069	78.7261	77.7944
48.7263	78.7926	77.2570
49.1494	78.8588	76.7189
49.5762	78.9245	76.1797
50.0066	78.9897	75.6395
50.4408	79.0545	75.0982
50.8788	79.1188	74.5557
51.3206	79.1826	74.0119
51.7662	79.2459	73.4666
52.2157	79.3087	72.9197
52.6691	79.3710	72.3714
53.1264	79.4328	71.8213
53.5877	79.4940	71.2694
54.0530	79.5546	70.7158
54.5223	79.6147	70.1601
54.9958	79.6742	69.6026
55.4733	79.7330	69.0433
55.9550	79.7912	68.4817
56.4408	79.8488	67.9181
56.9309	79.9056	67.3527
57.4252	79.9618	66.7853
57.9238	80.0172	66.2157
58.4268	80.0719	65.6442
58.9341	80.1258	65.0708
59.4458	80.1789	64.4954
59.9620	80.2312	63.9182
60.4826	80.2827	63.3393
61.0078	80.3334	62.7585
61.5375	80.3832	62.1762
62.0719	80.4320	61.5924
62.6108	80.4800	61.0071
63.1545	80.5271	60.4204
63.7029	80.5732	59.8327
64.2560	80.6183	59.2440
64.8139	80.6625	58.6542
65.3767	80.7056	58.0637
65.9444	80.7478	57.4726
66.5170	80.7889	56.8812
67.0945	80.8290	56.2894
67.6771	80.8681	55.6975
68.2647	80.9061	55.1057
68.8575	80.9430	54.5142
69.4554	80.9788	53.9233
70.0585	81.0136	53.3330
70.6668	81.0473	52.7435
71.2804	81.0799	52.1553
71.8993	81.1115	51.5683
72.5236	81.1419	50.9828
73.1533	81.1713	50.3991
73.7885	81.1995	49.8172
74.4292	81.2267	49.2376
75.0755	81.2529	48.6603
75.7274	81.2779	48.0856
76.3849	81.3019	47.5136
77.0481	81.3248	46.9446
77.7172	81.3467	46.3788
78.3920	81.3676	45.8163
79.0726	81.3875	45.2576
79.7592	81.4064	44.7024
80.4518	81.4242	44.1513
81.1503	81.4412	43.6042
81.8550	81.4571	43.0615
82.5657	81.4722	42.5233
83.2826	81.4863	41.9896
84.0058	81.4996	41.4607
84.7352	81.5120	40.9367
85.4709	81.5235	40.4178
86.2131	81.5343	39.9040
86.9617	81.5443	39.3955
87.7168	81.5534	38.8925
88.4784	81.5619	38.3948
89.2467	81.5696	37.9028
90.0216	81.5767	37.4164
90.8032	81.5831	36.9357
91.5917	81.5889	36.4608
92.3870	81.5940	35.9918
93.1892	81.5986	35.5287
93.9983	81.6027	35.0714
94.8145	81.6062	34.6201
95.6378	81.6093	34.1747
96.4682	81.6118	33.7354
97.3058	81.6140	33.3019
98.1507	81.6157	32.8744
99.0030	81.6171	32.4528
99.8626	81.6181	32.0370
100.7297	81.6188	31.6272
101.6044	81.6191	31.2231
102.4866	81.6192	30.8248
103.3765	81.6191	30.4321
104.2741	81.6187	30.0451
105.1795	81.6181	29.6636
106.0928	81.6173	29.2876
107.0140	81.6164	28.9170
107.9432	81.6153	28.5516
108.8804	81.6142	28.1915
109.8259	81.6129	27.8364
110.7795	81.6115	27.4863
111.7414	81.6101	27.1411
112.7116	81.6086	26.8006
113.6903	81.6071	26.4648
114.6775	81.6056	26.1335
115.6732	81.6041	25.8065
116.6776	81.6026	25.4839
117.6907	81.6012	25.1654
118.7126	81.5998	24.8509
119.7434	81.5984	24.5403
120.7831	81.5971	24.2334
121.8319	81.5959	23.9302
122.8897	81.5947	23.6305
123.9568	81.5936	23.3342
125.0331	81.5927	23.0411
126.1188	81.5918	22.7510
127.2138	81.5910	22.4640
128.3184	81.5904	22.1798
129.4326	81.5898	21.8984
130.5565	81.5894	21.6196
131.6901	81.5891	21.3433
132.8336	81.5889	21.0693
133.9870	81.5888	20.7976
135.1504	81.5889	20.5279
136.3239	81.5890	20.2604
137.5076	81.5893	19.9947
138.7015	81.5898	19.7308
139.9059	81.5903	19.4686
141.1207	81.5910	19.2080
142.3460	81.5917	18.9489
143.5820	81.5926	18.6912
144.8287	81.5936	18.4348
146.0863	81.5947	18.1795
147.3548	81.5959	17.9254
148.6342	81.5972	17.6722
149.9248	81.5985	17.4200
151.2266	81.6000	17.1687
152.5397	81.6016	16.9181
153.8642	81.6032	16.6682
155.2002	81.6049	16.4189
156.5478	81.6066	16.1702
157.9071	81.6085	15.9219
159.2782	81.6103	15.6740
160.6612	81.6122	15.4264
162.0563	81.6142	15.1791
163.4634	81.6162	14.9320
164.8827	81.6182	14.6850
166.3144	81.6202	14.4380
167.7585	81.6223	14.1910
169.2152	81.6243	13.9439
170.6844	81.6264	13.6967
172.1665	81.6284	13.4493
173.6614	81.6304	13.2017
175.1693	81.6324	12.9537
176.6903	81.6344	12.7053
178.2245	81.6363	12.4565
179.7720	81.6381	12.2071
181.3330	81.6399	11.9572
182.9075	81.6417	11.7066
184.4957	81.6433	11.4554
186.0976	81.6449	11.2034
187.7135	81.6464	10.9507
189.3434	81.6478	10.6973
190.9875	81.6490	10.4434
192.6458	81.6502	10.1892
194.3186	81.6512	9.9310
196.0059	81.6515	9.6623
197.7078	81.6499	9.4846
199.4245	81.6562	9.5033
201.1561	81.6824	9.3953
202.9027	81.7074	8.8928
204.6645	81.7174	8.1930
206.4416	81.7116	7.4599
208.2341	81.6897	6.8301
210.0422	81.6623	6.3131
211.8660	81.6279	5.8619
213.7056	81.5918	5.4166
215.5612	81.5465	4.8672
217.4330	81.4845	4.3835
219.3209	81.4138	4.1657
221.2253	81.3450	4.1844
223.1462	81.2813	4.3620
225.0837	81.2251	4.7142
227.0381	81.1812	5.3671
229.0095	81.1661	6.3910
230.9980	81.1967	7.4244
233.0038	81.2584	8.0103
235.0269	81.3274	8.1677
237.0677	81.3955	7.9925
239.1261	81.4478	7.6289
241.2024	81.4870	7.3811
243.2968	81.5255	7.3388
245.4093	81.5722	7.4616
247.5402	81.6357	7.6660
249.6896	81.7197	7.6960
251.8577	81.8107	7.3532
254.0445	81.8953	6.7016
256.2504	81.9684	5.8295
258.4754	82.0253	4.6597
260.7197	82.0507	3.0534
262.9836	82.0191	1.5208
265.2671	81.9593	0.7413
267.5704	81.9100	0.5100
269.8937	81.8759	0.4219
272.2372	81.8573	0.3194
274.6010	81.8488	0.0491
276.9853	81.8385	-0.3737
279.3904	81.8242	-0.8217
281.8163	81.8078	-1.3925
284.2633	81.7753	-2.0542
286.7316	81.7296	-2.6149
289.2213	81.6736	-3.0057
291.7326	81.6129	-3.0576
294.2657	81.5657	-2.6270
296.8208	81.5531	-1.8180
299.3981	81.5882	-1.1547
301.9978	81.6462	-1.0182
304.6200	81.7090	-1.5869
307.2650	81.7342	-2.3748
309.9330	81.7496	-2.6551
312.6241	81.7849	-2.7342
315.3386	81.8349	-3.0933
318.0767	81.8836	-3.8226
320.8386	81.9210	-5.0623
323.6244	81.9155	-6.7253
326.4344	81.8583	-7.8136
329.2688	81.8149	-8.0890
332.1279	81.7997	-8.5369
335.0117	81.7787	-9.5463
337.9206	81.7315	-10.8035
340.8548	81.6571	-12.0157
343.8144	81.5605	-13.1701
346.7998	81.4349	-13.7598
349.8110	81.3364	-13.9284
352.8484	81.2449	-14.4699
355.9122	81.1358	-15.2160
359.0026	81.0088	-15.8653
362.1198	80.8671	-16.2673
365.2641	80.7204	-16.0105
368.4357	80.6144	-15.2627
371.6348	80.5468	-14.9432
374.8617	80.4743	-15.2546
378.1166	80.3784	-15.7397
381.3998	80.2609	-15.9928
384.7115	80.1393	-15.9673
388.0519	80.0150	-15.6445
391.4214	79.9052	-14.9816
394.8201	79.8173	-14.2311
398.2483	79.7443	-13.4121
401.7063	79.6956	-12.6677
405.1943	79.6515	-11.9640
408.7126	79.6266	-11.1460
412.2614	79.6192	-10.4521
415.8411	79.6196	-9.8587
419.4518	79.6297	-9.1431
423.0939	79.6648	-8.5165
426.7676	79.7060	-8.1449
430.4732	79.7530	-7.7360
434.2110	79.8212	-7.7087
437.9813	79.8660	-7.9944
441.7842	79.9105	-8.2569
445.6202	79.9445	-8.7161
449.4896	79.9657	-9.3608
453.3925	79.9641	-10.2133
457.3293	79.9304	-10.8958
461.3002	79.8902	-11.3362
465.3057	79.8377	-11.5824
469.3459	79.7917	-11.6047
473.4213	79.7511	-11.7033
477.5320	79.7043	-11.8233
481.6784	79.6569	-11.8294
485.8608	79.6116	-11.7919
490.0795	79.5656	-11.7180
494.3349	79.5198	-11.2996
498.6272	79.5054	-10.7848
502.9567	79.5000	-10.5888
507.3239	79.4947	-10.6369
511.7290	79.4762	-10.6264
516.1723	79.4653	-10.3907
520.6542	79.4657	-10.2683
525.1751	79.4632	-10.2919
529.7351	79.4593	-10.3771
534.3348	79.4483	-10.4309
538.9744	79.4405	-10.4488
543.6543	79.4303	-10.5632
548.3749	79.4136	-10.6919
553.1364	79.3927	-10.6886
557.9393	79.3786	-10.7008
562.7839	79.3577	-10.8658
567.6705	79.3259	-10.9648
572.5996	79.2906	-10.7590
577.5714	79.2707	-10.2948
582.5865	79.2699	-9.8737
587.6451	79.2785	-9.5837
592.7476	79.2945	-9.4476
597.8944	79.3072	-9.3611
603.0859	79.3253	-9.2121
608.3225	79.3501	-9.1617
613.6045	79.3737	-9.1970
618.9325	79.3996	-9.3575
624.3066	79.4154	-9.5634
629.7275	79.4324	-9.7525
635.1954	79.4441	-10.0219
640.7108	79.4502	-10.2035
646.2741	79.4621	-10.3354
651.8857	79.4764	-10.6665
657.5460	79.4790	-11.0881
663.2554	79.4789	-11.5665
669.0145	79.4650	-12.2343
674.8235	79.4298	-12.8039
680.6830	79.3906	-13.2409
686.5933	79.3411	-13.6761
692.5550	79.2828	-13.9599
698.5685	79.2244	-14.0309
704.6341	79.1735	-13.9166
710.7524	79.1381	-13.9086
716.9239	79.0979	-14.0853
723.1489	79.0550	-14.3132
729.4280	79.0035	-14.5927
735.7616	78.9447	-15.0498
742.1502	78.8568	-15.5316
748.5943	78.7522	-15.5991
755.0943	78.6504	-15.1925
761.6508	78.5670	-14.3874
768.2642	78.5164	-13.5565
774.9350	78.4803	-12.9368
781.6638	78.4531	-12.4074
788.4509	78.4317	-11.9028
795.2970	78.4175	-11.4600
802.2026	78.4033	-11.0984
809.1681	78.3866	-10.5930
816.1941	78.3820	-9.8418
823.2811	78.3972	-8.8575
830.4296	78.4485	-8.0734
837.6402	78.5020	-7.4785
844.9134	78.5798	-6.9333
852.2498	78.6670	-6.8990
859.6499	78.7389	-7.3208
867.1142	78.7861	-7.9857
874.6433	78.8008	-8.5156
882.2379	78.8069	-8.7968
889.8983	78.8034	-8.9371
897.6253	78.7999	-8.8360
905.4193	78.8058	-8.4934
913.2811	78.8327	-8.0751
921.2111	78.8771	-7.8709
929.2099	78.9252	-8.0513
937.2783	78.9590	-8.6473
945.4166	78.9592	-9.1780
953.6257	78.9533	-9.3941
961.9060	78.9435	-9.5319
970.2582	78.9289	-9.5125
978.6829	78.9187	-9.0290
987.1808	78.9463	-8.4028
995.7525	78.9909	-8.0495
1004.3990	79.0479	-7.8688
1013.1200	79.1131	-8.0691
1021.9170	79.1608	-8.5704
1030.7900	79.1943	-9.1765
1039.7400	79.2046	-9.7736
1048.7680	79.2009	-10.0052
1057.8750	79.2083	-9.9820
1067.0600	79.2236	-9.9110
1076.3260	79.2530	-9.8963
1085.6710	79.2859	-10.0592
1095.0980	79.3177	-10.2558
1104.6070	79.3547	-10.5094
1114.1980	79.3914	-11.1785
1123.8730	79.3951	-11.9472
1133.6310	79.3911	-12.4670
1143.4750	79.3795	-12.8891
1153.4030	79.3662	-13.0449
1163.4180	79.3705	-13.0983
1173.5200	79.3840	-13.3965
1183.7100	79.3938	-14.0740
1193.9880	79.3797	-15.1269
1204.3550	79.3250	-15.9868
1214.8130	79.2625	-16.2648
1225.3610	79.2108	-16.0955
1236.0010	79.1890	-15.8810
1246.7330	79.1795	-16.0204
1257.5580	79.1652	-16.3701
1268.4780	79.1469	-16.9197
1279.4920	79.1071	-17.5879
1290.6020	79.0517	-18.0446
1301.8080	78.9948	-18.3439
1313.1110	78.9345	-18.6645
1324.5130	78.8658	-19.0156
1336.0140	78.7841	-19.1643
1347.6140	78.7063	-18.7685
1359.3160	78.6647	-18.1632
1371.1190	78.6459	-18.1255
1383.0240	78.6057	-18.5202
1395.0330	78.5462	-18.8571
1407.1460	78.4695	-18.8135
1419.3640	78.4058	-18.3773
1431.6880	78.3571	-18.0192
1444.1200	78.3037	-17.4382
1456.6590	78.2811	-16.4165
1469.3070	78.2962	-15.5881
1482.0650	78.3218	-14.9452
1494.9340	78.3720	-14.4099
1507.9140	78.4323	-14.3507
1521.0080	78.4795	-14.6549
1534.2140	78.5115	-15.2347
1547.5360	78.5091	-15.8070
1560.9730	78.4930	-16.0477
1574.5270	78.4718	-15.8117
1588.1990	78.4789	-15.2584
1601.9890	78.5102	-15.0229
1615.8990	78.5368	-15.0878
1629.9300	78.5589	-14.9342
1644.0830	78.6029	-14.7125
1658.3580	78.6538	-14.7466
1672.7580	78.7063	-14.9724
1687.2820	78.7551	-15.5150
1701.9330	78.7806	-16.1860
1716.7110	78.7947	-16.7427
1731.6170	78.8004	-17.3705
1746.6520	78.7858	-17.8653
1761.8180	78.7726	-17.9067
1777.1160	78.7821	-17.5589
1792.5470	78.8348	-17.6908
1808.1120	78.8684	-18.7070
1823.8110	78.8643	-19.8777
1839.6480	78.8333	-20.7997
1855.6210	78.7917	-21.4721
1871.7330	78.7462	-21.9869
1887.9860	78.7039	-22.6230
1904.3790	78.6438	-23.3643
1920.9150	78.5758	-24.1862
1937.5940	78.4808	-25.2734
1954.4180	78.3439	-26.0661
1971.3880	78.1976	-25.9848
1988.5060	78.0840	-25.4532
2005.7720	77.9931	-24.9650
2023.1880	77.9226	-24.8426
2040.7550	77.8341	-24.9482
2058.4750	77.7393	-24.6712
2076.3490	77.6626	-24.2650
2094.3780	77.5876	-23.9803
2112.5630	77.5127	-23.5648
2130.9070	77.4502	-23.2246
2149.4090	77.3758	-23.0445
2168.0720	77.2899	-22.5875
2186.8980	77.2101	-21.5283
2205.8870	77.1673	-19.8705
2225.0400	77.1826	-18.2654
2244.3600	77.2263	-16.9866
2263.8480	77.2994	-15.9195
2283.5050	77.3913	-15.4186
2303.3330	77.4665	-15.1897
2323.3320	77.5436	-14.8018
2343.5060	77.6299	-14.4175
2363.8540	77.7253	-14.1639
2384.3800	77.8259	-14.2129
2405.0830	77.9148	-14.5870
2425.9670	77.9841	-14.9448
2447.0310	78.0496	-14.9883
2468.2790	78.1335	-15.1592
2489.7110	78.2055	-15.5723
2511.3290	78.2785	-16.1580
2533.1350	78.3297	-16.7359
2555.1300	78.3913	-17.4275
2577.3160	78.4293	-18.7783
2599.6950	78.4155	-20.2261
2622.2680	78.3700	-21.0583
2645.0370	78.3352	-22.0485
2668.0040	78.2443	-23.1927
2691.1700	78.1362	-23.6040
2714.5370	78.0347	-23.5776
2738.1080	77.9446	-23.4021
2761.8830	77.8628	-23.2439
2785.8640	77.7797	-23.0442
2810.0540	77.6989	-22.5955
2834.4530	77.6329	-22.0267
2859.0650	77.5717	-21.4461
2883.8900	77.5165	-20.8200
2908.9310	77.4588	-19.8522
2934.1890	77.4280	-18.2760
2959.6660	77.4432	-16.1917
2985.3650	77.5289	-14.3285
3011.2870	77.6345	-12.4058
3037.4340	77.8265	-10.8939
3063.8080	78.0135	-10.5498
3090.4110	78.1839	-10.3362
3117.2450	78.3547	-10.1811
3144.3120	78.5117	-9.6562
3171.6140	78.7138	-8.7543
3199.1530	78.9509	-8.3008
3226.9310	79.2013	-8.4158
3254.9510	79.4496	-8.8848
3283.2130	79.7007	-9.8849
3311.7210	79.9221	-11.9917
3340.4770	80.0511	-14.1681
3369.4820	80.1542	-15.7174
3398.7390	80.2299	-16.9605
3428.2510	80.3034	-18.0890
3458.0180	80.3503	-18.8316
3488.0440	80.4233	-18.9016
3518.3300	80.5321	-19.2664
3548.8800	80.6297	-19.4491
3579.6950	80.7851	-19.8519
3610.7770	80.9123	-20.9079
3642.1300	81.0329	-21.4959
3673.7540	81.1791	-21.8018
3705.6530	81.3516	-22.3497
3737.8290	81.5309	-23.3089
3770.2850	81.7009	-23.8447
3803.0220	81.9329	-24.2370
3836.0440	82.1855	-25.1264
3869.3520	82.4715	-26.4868
3902.9500	82.7643	-28.9113
3936.8390	83.0203	-32.5844
3971.0220	83.1910	-36.5953
4005.5030	83.3195	-40.2164
4040.2820	83.4257	-44.1647
4075.3640	83.4717	-48.4557
4110.7500	83.4766	-53.1107
4146.4440	83.3972	-58.2111
4182.4470	83.2360	-63.1263
4218.7640	83.0071	-67.9289
4255.3950	82.6905	-71.7840
4292.3450	82.3809	-74.6734
4329.6150	82.0591	-77.5263
4367.2090	81.7271	-80.7847
4405.1290	81.3240	-84.3833
4443.3790	80.8510	-87.0265
4481.9610	80.3716	-88.2607
4520.8770	79.9248	-88.2827
4560.1320	79.5581	-87.7705
4599.7280	79.2559	-87.9250
4639.6670	78.9553	-88.7909
4679.9530	78.6445	-89.6236
4720.5890	78.3387	-90.2339
4761.5780	78.0419	-90.8060
4802.9230	77.7478	-90.9774
4844.6260	77.5037	-91.2315
4886.6920	77.2601	-92.7292
4929.1230	76.9438	-94.7944
4971.9230	76.5695	-96.1164
5015.0940	76.1869	-96.3065
5058.6400	75.8417	-95.8539
5102.5640	75.5354	-95.4041
5146.8690	75.2574	-95.7593
5191.5590	74.9296	-96.2742
5236.6380	74.6074	-95.9640
5282.1070	74.3128	-95.4426
5327.9720	74.0332	-94.7749
5374.2340	73.7893	-94.0914
5420.8990	73.5603	-93.6314
5467.9680	73.3462	-93.4985
5515.4470	73.1171	-93.7316
5563.3370	72.8631	-93.2240
5611.6430	72.6676	-91.9656
5660.3690	72.5248	-91.1900
5709.5180	72.3977	-91.1974
5759.0940	72.2587	-91.7160
5809.1000	72.1005	-92.2590
5859.5400	71.9440	-92.7967
5910.4180	71.7845	-93.8866
5961.7390	71.5846	-95.5864
6013.5040	71.3303	-97.1433
6065.7190	71.0587	-98.6024
6118.3880	70.7448	-100.2331
6171.5140	70.3924	-101.8143
6225.1010	69.9937	-102.6534
6279.1530	69.6228	-103.0455
6333.6750	69.2435	-103.9049
6388.6700	68.8390	-105.3271
6444.1430	68.3646	-106.8173
6500.0970	67.8480	-107.4742
6556.5380	67.3337	-107.8661
6613.4680	66.7865	-108.7401
6670.8920	66.1690	-109.3576
6728.8160	65.5179	-109.2653
6787.2420	64.8306	-108.0212
6846.1750	64.1829	-105.7863
6905.6210	63.5550	-103.2117
6965.5820	62.9566	-99.7686
7026.0640	62.4329	-96.0692
7087.0710	61.9359	-92.8637
7148.6080	61.4335	-89.1027
7210.6790	60.9874	-84.2920
7273.2890	60.6135	-78.2097
7336.4430	60.4093	-72.8143
7400.1450	60.2002	-68.9477
7464.4010	60.0018	-64.2198
7529.2140	59.8950	-58.9545
7594.5900	59.8599	-54.4102
7660.5340	59.8526	-50.4850
7727.0500	59.8741	-47.3462
7794.1440	59.8602	-44.4013
7861.8200	59.8662	-40.7596
7930.0840	59.9171	-37.1279
7998.9410	59.9919	-33.6871
8068.3960	60.1018	-30.4846
8138.4530	60.2244	-27.3640
8209.1200	60.3909	-24.2391
8280.3990	60.5965	-22.6941
8352.2980	60.7032	-21.2224
8424.8210	60.8648	-19.0196
8497.9730	61.0281	-18.3956
8571.7610	61.0976	-18.5647
8646.1890	61.0973	-18.0742
8721.2640	61.0668	-16.6599
8796.9910	61.0407	-14.0892
8873.3750	61.0817	-11.0160
8950.4220	61.1647	-8.4518
9028.1380	61.2571	-6.3540
9106.5300	61.3452	-4.3549
9185.6010	61.4332	-2.1416
9265.3600	61.5368	-0.1609
9345.8110	61.6050	2.1883
9426.9600	61.7085	5.9629
9508.8140	61.9054	10.0468
9591.3790	62.1475	14.7121
9674.6610	62.5312	20.6555
9758.6660	63.1028	26.4119
9843.4000	63.8363	30.0962
9928.8700	64.6162	31.1349
10015.0800	65.3814	30.1137
10102.0400	66.0858	26.9102
10189.7600	66.6430	22.1947
10278.2400	67.0557	17.1483
10367.4800	67.3335	12.6153
10457.5000	67.5429	9.0406
10548.3100	67.7335	5.1483
10639.9000	67.8431	-0.6619
10732.2800	67.7534	-7.4585
10825.4700	67.4846	-13.1715
10919.4700	67.1104	-17.8597
11014.2800	66.6180	-21.8634
11109.9200	66.0273	-24.6817
11206.3900	65.3625	-25.4973
11303.6900	64.7162	-24.3806
11401.8400	64.0997	-22.0191
11500.8400	63.5316	-17.2809
11600.7000	63.1553	-11.0568
11701.4300	62.9145	-5.0811
11803.0400	62.7917	1.5053
11905.5200	62.8476	8.2145
12008.9000	63.0312	14.2912
12113.1700	63.3417	20.1774
12218.3500	63.7964	25.1318
12324.4400	64.3333	28.6347
12431.4500	64.9303	30.9536
12539.3900	65.5654	31.9454
12648.2700	66.2083	31.4297
12758.1000	66.8232	29.5168
12868.8800	67.3978	25.1696
12980.6200	67.7838	18.2495
13093.3300	67.9344	10.3131
13207.0200	67.8218	4.2219
13321.6900	67.6572	0.4432
13437.3600	67.4383	-3.4563
13554.0400	67.1097	-6.9874
13671.7300	66.7210	-9.4254
13790.4400	66.2829	-10.4477
13910.1800	65.8696	-9.5579
14030.9700	65.5505	-7.7405
14152.8000	65.3162	-6.9575
14275.6800	65.0490	-6.7591
14399.6400	64.8016	-6.8264
14524.6700	64.4883	-7.7261
14650.7900	64.0808	-6.7755
14778.0000	63.7602	-2.7579
14906.3200	63.6290	1.2856
15035.7500	63.5734	2.9658
15166.3100	63.4739	3.3659
15297.9900	63.3412	3.6716
15430.8300	63.1700	3.7336
15564.8100	62.9360	4.5240
15699.9600	62.7252	6.1974
15836.2800	62.5251	7.7145
15973.7900	62.3115	8.6586
16112.4900	62.0215	9.9490
16252.3900	61.7017	16.4304
16393.5100	61.8108	23.3343
16535.8600	61.9200	25.9798
16679.4400	62.0292	28.2177
16824.2700	62.1383	30.2142
16970.3500	62.2475	32.0411
17117.7000	62.3567	33.7386
17266.3400	62.4658	35.3321
17416.2600	62.5750	36.8394
17567.4900	62.6841	38.2732
17720.0200	62.7933	39.6434
17873.8900	62.9025	40.9577
18029.0800	63.0116	42.2221
18185.6300	63.1208	43.4417
18343.5400	63.2300	44.6207
18502.8100	63.3391	45.7626
18663.4700	63.4483	46.8705
18825.5300	63.5575	47.9469
18988.9900	63.6666	48.9942
19153.8700	63.7758	50.0142
19320.1800	63.8850	51.0088
19487.9400	63.9941	51.9795
19657.1500	64.1033	52.9277
19827.8400	64.2125	53.8546
20000.0000	64.3216	54.7615