Freq	dB	Phase
10.0000	57.4148	-150.5992
10.0956	57.6429	-151.0330
10.1921	57.8711	-151.4722
10.2895	58.0992	-151.9169
10.3879	58.3274	-152.3671
10.4871	58.5555	-152.8231
10.5874	58.7837	-153.2848
10.6886	59.0118	-153.7525
10.7908	59.2399	-154.2264
10.8939	59.4681	-154.7064
10.9980	59.6962	-155.1928
11.1031	59.9244	-155.6857
11.2093	60.1525	-156.1854
11.3164	60.3806	-156.6919
11.4246	60.6088	-157.2054
11.5338	60.8369	-157.7263
11.6440	61.0651	-158.2545
11.7553	61.2932	-158.7905
11.8677	61.5214	-159.3343
11.9811	61.7495	-159.8863
12.0957	61.9776	-160.4468
12.2113	62.2058	-161.0161
12.3280	62.4339	-161.5944
12.4458	62.6621	-162.1821
12.5648	62.8902	-162.7797
12.6849	63.1183	-163.3875
12.8061	63.3465	-164.0061
12.9285	63.5746	-164.6360
13.0521	63.8028	-165.2779
13.1769	64.0309	-165.9324
13.3028	64.2591	-166.6005
13.4300	64.4872	-167.2831
13.5583	64.7153	-167.9815
13.6879	64.9435	-168.6974
13.8188	65.1716	-169.4326
13.9509	65.3998	-170.1901
14.0842	65.6279	-170.9741
14.2188	65.8561	-171.7915
14.3547	66.0842	-172.6572
14.4919	66.3123	-173.8305
14.6305	66.5073	-175.0259
14.7703	66.7011	-175.9498
14.9115	66.8934	-176.8506
15.0540	67.0842	-177.7358
15.1979	67.2736	-178.6077
15.3432	67.4618	-179.4705
15.4898	67.6490	179.6727
15.6379	67.8351	178.8194
15.7874	68.0201	177.9695
15.9383	68.2042	177.1217
16.0906	68.3872	176.2749
16.2444	68.5693	175.4288
16.3997	68.7503	174.5828
16.5564	68.9304	173.7364
16.7147	69.1096	172.8891
16.8745	69.2877	172.0409
17.0358	69.4648	171.1913
17.1986	69.6410	170.3401
17.3630	69.8161	169.4873
17.5289	69.9903	168.6327
17.6965	70.1634	167.7760
17.8656	70.3356	166.9170
18.0364	70.5067	166.0560
18.2088	70.6767	165.1929
18.3829	70.8458	164.3277
18.5586	71.0139	163.4601
18.7360	71.1809	162.5895
18.9150	71.3469	161.7159
19.0958	71.5119	160.8393
19.2784	71.6757	159.9597
19.4626	71.8385	159.0772
19.6487	72.0002	158.1917
19.8365	72.1608	157.3028
20.0261	72.3203	156.4105
20.2175	72.4787	155.5148
20.4108	72.6358	154.6157
20.6058	72.7918	153.7131
20.8028	72.9466	152.8070
21.0016	73.1002	151.8975
21.2024	73.2525	150.9845
21.4050	73.4036	150.0683
21.6096	73.5534	149.1486
21.8162	73.7019	148.2254
22.0247	73.8491	147.2988
22.2353	73.9949	146.3687
22.4478	74.1394	145.4354
22.6624	74.2824	144.4989
22.8790	74.4241	143.5593
23.0977	74.5643	142.6168
23.3184	74.7031	141.6714
23.5413	74.8404	140.7233
23.7663	74.9762	139.7724
23.9935	75.1106	138.8188
24.2228	75.2434	137.8626
24.4544	75.3747	136.9039
24.6881	75.5044	135.9431
24.9241	75.6325	134.9802
25.1623	75.7590	134.0153
25.4028	75.8839	133.0487
25.6457	76.0072	132.0806
25.8908	76.1288	131.1109
26.1383	76.2488	130.1401
26.3881	76.3672	129.1682
26.6403	76.4838	128.1954
26.8950	76.5987	127.2220
27.1520	76.7120	126.2482
27.4116	76.8235	125.2742
27.6736	76.9334	124.3002
27.9381	77.0415	123.3264
28.2051	77.1479	122.3530
28.4747	77.2525	121.3803
28.7469	77.3555	120.4085
29.0217	77.4567	119.4378
29.2991	77.5562	118.4684
29.5791	77.6539	117.5006
29.8619	77.7500	116.5346
30.1473	77.8443	115.5706
30.4355	77.9369	114.6089
30.7264	78.0278	113.6498
31.0201	78.1170	112.6933
31.3166	78.2045	111.7398
31.6159	78.2904	110.7896
31.9181	78.3745	109.8427
32.2232	78.4571	108.8993
32.5312	78.5380	107.9599
32.8421	78.6173	107.0244
33.1561	78.6950	106.0931
33.4730	78.7711	105.1663
33.7929	78.8456	104.2442
34.1159	78.9186	103.3268
34.4420	78.9901	102.4145
34.7712	79.0601	101.5074
35.1036	79.1286	100.6056
35.4391	79.1956	99.7094
35.7779	79.2612	98.8188
36.1199	79.3255	97.9341
36.4651	79.3883	97.0554
36.8137	79.4498	96.1827
37.1655	79.5100	95.3161
37.5208	79.5689	94.4559
37.8794	79.6265	93.6021
38.2415	79.6829	92.7549
38.6070	79.7382	91.9143
38.9760	79.7922	91.0804
39.3486	79.8451	90.2532
39.7247	79.8969	89.4329
40.1044	79.9476	88.6194
40.4877	79.9972	87.8128
40.8747	80.0458	87.0131
41.2654	80.0935	86.2203
41.6599	80.1401	85.4344
42.0581	80.1859	84.6555
42.4601	80.2307	83.8835
42.8659	80.2747	83.1184
43.2757	80.3178	82.3602
43.6893	80.3602	81.6089
44.1069	80.4017	80.8643
44.5285	80.4424	80.1265
44.9541	80.4824	79.3954
45.3838	80.5217	78.6709
45.8176	80.5604	77.9530
46.2555	80.5983	77.2415
46.6977	80.6356	76.5364
47.1440	80.6723	75.8376
47.5947	80.7083	75.1451
48.0496	80.7438	74.4586
48.5089	80.7787	73.7781
48.9725	80.8131	73.1036
49.4406	80.8469	72.4350
49.9132	80.8802	71.7719
50.3903	80.9130	71.1145
50.8719	80.9453	70.4626
51.3582	80.9772	69.8160
51.8491	81.0085	69.1747
52.3447	81.0394	68.5386
52.8450	81.0699	67.9074
53.3501	81.0999	67.2812
53.8601	81.1295	66.6598
54.3749	81.1586	66.0431
54.8946	81.1873	65.4310
55.4193	81.2156	64.8235
55.9491	81.2434	64.2204
56.4838	81.2709	63.6215
57.0237	81.2979	63.0269
57.5688	81.3245	62.4365
58.1191	81.3507	61.8500
58.6746	81.3765	61.2676
59.2354	81.4019	60.6891
59.8016	81.4268	60.1145
60.3732	81.4514	59.5436
60.9503	81.4755	58.9765
61.5329	81.4992	58.4130
62.1210	81.5224	57.8532
62.7148	81.5452	57.2971
63.3143	81.5676	56.7445
63.9195	81.5895	56.1954
64.5304	81.6110	55.6500
65.1472	81.6321	55.1080
65.7699	81.6527	54.5696
66.3986	81.6728	54.0347
67.0333	81.6925	53.5033
67.6740	81.7118	52.9754
68.3209	81.7305	52.4511
68.9739	81.7489	51.9303
69.6332	81.7667	51.4131
70.2988	81.7841	50.8996
70.9707	81.8010	50.3896
71.6491	81.8174	49.8834
72.3339	81.8334	49.3808
73.0253	81.8489	48.8820
73.7233	81.8640	48.3870
74.4280	81.8786	47.8957
75.1394	81.8927	47.4084
75.8576	81.9064	46.9249
76.5827	81.9196	46.4454
77.3147	81.9323	45.9699
78.0537	81.9446	45.4984
78.7998	81.9565	45.0310
79.5530	81.9679	44.5678
80.3134	81.9790	44.1087
81.0811	81.9895	43.6538
81.8561	81.9997	43.2032
82.6385	82.0095	42.7569
83.4284	82.0188	42.3149
84.2258	82.0278	41.8774
85.0309	82.0364	41.4442
85.8436	82.0446	41.0154
86.6642	82.0524	40.5912
87.4925	82.0599	40.1714
88.3288	82.0671	39.7562
89.1731	82.0739	39.3454
90.0255	82.0804	38.9393
90.8860	82.0866	38.5377
91.7547	82.0925	38.1407
92.6317	82.0981	37.7482
93.5171	82.1034	37.3603
94.4110	82.1085	36.9771
95.3134	82.1133	36.5984
96.2245	82.1178	36.2242
97.1442	82.1222	35.8546
98.0728	82.1263	35.4896
99.0102	82.1302	35.1291
99.9566	82.1339	34.7732
100.9120	82.1374	34.4218
101.8766	82.1408	34.0748
102.8503	82.1439	33.7324
103.8334	82.1469	33.3944
104.8259	82.1498	33.0609
105.8279	82.1525	32.7318
106.8394	82.1550	32.4072
107.8606	82.1574	32.0871
108.8916	82.1598	31.7715
109.9324	82.1619	31.4603
110.9832	82.1640	31.1536
112.0440	82.1660	30.8516
113.1150	82.1679	30.5541
114.1962	82.1696	30.2614
115.2877	82.1713	29.9735
116.3897	82.1729	29.6905
117.5022	82.1744	29.4127
118.6253	82.1759	29.1404
119.7592	82.1772	28.8739
120.9039	82.1785	28.6135
122.0596	82.1797	28.3599
123.2263	82.1809	28.1138
124.4041	82.1820	27.8757
125.5932	82.1830	27.6202
126.7937	82.1802	27.3896
128.0056	82.1777	27.2663
129.2292	82.1808	27.2871
130.4644	82.1983	27.3952
131.7114	82.2313	27.4049
132.9704	82.2697	27.2442
134.2414	82.3086	26.9489
135.5245	82.3430	26.5781
136.8199	82.3745	26.1702
138.1277	82.4017	25.6967
139.4480	82.4218	25.1898
140.7809	82.4362	24.6806
142.1265	82.4449	24.1580
143.4850	82.4472	23.6356
144.8565	82.4437	23.1293
146.2411	82.4349	22.6354
147.6389	82.4201	22.1671
149.0501	82.4006	21.7507
150.4748	82.3783	21.3910
151.9131	82.3542	21.0859
153.3651	82.3297	20.8377
154.8311	82.3060	20.6479
156.3110	82.2847	20.5160
157.8051	82.2674	20.4260
159.3135	82.2543	20.3650
160.8362	82.2460	20.3505
162.3736	82.2459	20.3390
163.9256	82.2506	20.2864
165.4925	82.2591	20.2026
167.0743	82.2702	20.0902
168.6713	82.2836	19.9548
170.2835	82.2988	19.7929
171.9112	82.3153	19.6017
173.5544	82.3327	19.3800
175.2133	82.3503	19.1300
176.8880	82.3682	18.8490
178.5788	82.3859	18.5164
180.2857	82.4012	18.1246
182.0090	82.4130	17.6849
183.7487	82.4205	17.1837
185.5050	82.4208	16.6134
187.2782	82.4119	15.9595
189.0683	82.3879	15.2894
190.8754	82.3530	14.6756
192.6999	82.3079	14.0874
194.5418	82.2512	13.5602
196.4013	82.1863	13.1479
198.2786	82.1165	12.8642
200.1738	82.0461	12.6914
202.0872	81.9763	12.5840
204.0188	81.9065	12.5317
205.9689	81.8370	12.5453
207.9376	81.7684	12.6320
209.9252	81.7019	12.7915
211.9318	81.6379	13.0034
213.9575	81.5745	13.3297
216.0026	81.5189	13.8192
218.0672	81.4746	14.4752
220.1516	81.4503	15.2144
222.2559	81.4417	15.9400
224.3803	81.4483	16.6892
226.5250	81.4731	17.4170
228.6902	81.5126	18.0452
230.8762	81.5624	18.5496
233.0830	81.6175	18.9529
235.3109	81.6763	19.3248
237.5601	81.7416	19.6889
239.8308	81.8145	20.0262
242.1232	81.8960	20.2851
244.4375	81.9820	20.4344
246.7739	82.0706	20.4811
249.1327	82.1591	20.4438
251.5140	82.2477	20.3396
253.9181	82.3355	20.1581
256.3451	82.4210	19.9055
258.7954	82.5039	19.5896
261.2691	82.5835	19.2135
263.7664	82.6597	18.7730
266.2876	82.7312	18.2591
268.8328	82.7967	17.6769
271.4025	82.8554	17.0288
273.9966	82.9061	16.3053
276.6156	82.9465	15.5046
279.2596	82.9747	14.6354
281.9289	82.9884	13.7269
284.6237	82.9879	12.8015
287.3442	82.9721	11.8470
290.0908	82.9380	10.9141
292.8636	82.8888	10.0521
295.6629	82.8252	9.2359
298.4890	82.7453	8.5149
301.3421	82.6538	7.9517
304.2224	82.5542	7.5457
307.1303	82.4498	7.2957
310.0660	82.3432	7.2002
313.0297	82.2372	7.2637
316.0218	82.1350	7.4837
319.0424	82.0393	7.8379
322.0920	81.9512	8.3093
325.1707	81.8721	8.8896
328.2788	81.8024	9.6196
331.4166	81.7485	10.5234
334.5844	81.7144	11.6225
337.7825	81.7117	12.7831
341.0112	81.7319	13.8672
344.2707	81.7737	14.9367
347.5614	81.8402	15.9233
350.8835	81.9247	16.7328
354.2374	82.0218	17.3474
357.6234	82.1246	17.7932
361.0417	82.2306	18.1330
364.4927	82.3403	18.3734
367.9766	82.4512	18.5025
371.4939	82.5617	18.5428
375.0448	82.6717	18.5076
378.6296	82.7807	18.3968
382.2487	82.8885	18.1935
385.9024	82.9925	17.8857
389.5910	83.0909	17.4808
393.3149	83.1815	16.9926
397.0744	83.2636	16.4368
400.8698	83.3361	15.7973
404.7014	83.3947	15.1168
408.5697	83.4418	14.4622
412.4750	83.4796	13.8437
416.4176	83.5101	13.2517
420.3979	83.5339	12.6658
424.4163	83.5502	12.0841
428.4730	83.5591	11.5172
432.5685	83.5607	10.9725
436.7032	83.5552	10.4553
440.8774	83.5429	9.9638
445.0915	83.5230	9.5220
449.3458	83.4976	9.1506
453.6409	83.4679	8.8412
457.9770	83.4340	8.6070
462.3545	83.3981	8.4622
466.7739	83.3617	8.3989
471.2355	83.3255	8.4275
475.7397	83.2919	8.5671
480.2871	83.2637	8.8211
484.8778	83.2439	9.1758
489.5125	83.2346	9.5988
494.1915	83.2360	10.0804
498.9152	83.2501	10.6209
503.6840	83.2791	11.1675
508.4984	83.3202	11.6859
513.3588	83.3731	12.1955
518.2657	83.4394	12.6508
523.2195	83.5145	13.0113
528.2207	83.5965	13.2760
533.2696	83.6815	13.4663
538.3668	83.7698	13.6120
543.5128	83.8611	13.7064
548.7079	83.9547	13.7458
553.9527	84.0495	13.7282
559.2476	84.1446	13.6494
564.5931	84.2384	13.5168
569.9897	84.3300	13.3594
575.4379	84.4207	13.1893
580.9382	84.5105	13.0018
586.4910	84.5997	12.7999
592.0970	84.6883	12.5854
597.7565	84.7766	12.3512
603.4701	84.8634	12.1187
609.2383	84.9511	11.9081
615.0616	85.0406	11.7151
620.9406	85.1337	11.5281
626.8758	85.2304	11.3305
632.8678	85.3309	11.1292
638.9170	85.4368	10.9107
645.0240	85.5474	10.6439
651.1894	85.6614	10.3207
657.4138	85.7780	9.9439
663.6976	85.8964	9.5155
670.0415	86.0163	9.0396
676.4460	86.1380	8.5226
682.9118	86.2625	7.9151
689.4393	86.3847	7.1825
696.0293	86.5021	6.3142
702.6822	86.6075	5.3864
709.3987	86.7061	4.4792
716.1795	86.7985	3.5341
723.0250	86.8803	2.6187
729.9360	86.9586	1.8348
736.9130	87.0396	1.1919
743.9567	87.1311	0.6433
751.0678	87.2354	0.0947
758.2468	87.3511	-0.4722
765.4944	87.4811	-1.0594
772.8113	87.6271	-1.7515
780.1982	87.7848	-2.5893
787.6556	87.9542	-3.5332
795.1844	88.1400	-4.7474
802.7851	88.3263	-6.3617
810.4584	88.5055	-8.3383
818.2051	88.6681	-10.6481
826.0259	88.8098	-13.2533
833.9213	88.9245	-16.2236
841.8923	88.9963	-19.4280
849.9395	89.0309	-22.6470
858.0635	89.0344	-25.8552
866.2653	89.0125	-29.1020
874.5454	88.9652	-32.4809
882.9046	88.8875	-35.8430
891.3438	88.8018	-39.1383
899.8636	88.7217	-43.4960
908.4649	88.5451	-49.5981
917.1484	88.2087	-57.6736
925.9149	87.5537	-65.3345
934.7652	86.7582	-70.5129
943.7000	85.8669	-73.9332
952.7203	84.9371	-75.7106
961.8268	83.9946	-76.0319
971.0203	83.0728	-74.5212
980.3017	82.2532	-71.7284
989.6719	81.5204	-68.7300
999.1316	80.8453	-65.6237
1008.6820	80.2180	-62.2605
1018.3230	79.6345	-58.5449
1028.0570	79.0981	-54.6195
1037.8830	78.5854	-50.6244
1047.8040	78.0708	-45.3518
1057.8190	77.6641	-38.0533
1067.9300	77.4223	-28.4942
1078.1380	77.5087	-18.8448
1088.4430	77.7622	-11.1148
1098.8470	78.1478	-4.5791
1109.3500	78.6271	0.7183
1119.9540	79.1693	4.7749
1130.6590	79.7421	7.3247
1141.4660	80.2789	8.7347
1152.3770	80.7808	9.8271
1163.3920	81.2665	10.6961
1174.5120	81.7346	11.2424
1185.7380	82.1841	11.5190
1197.0720	82.6158	11.5722
1208.5140	83.0304	11.4352
1220.0660	83.4300	11.0574
1231.7270	83.8074	10.4121
1243.5010	84.1593	9.4695
1255.3870	84.4701	8.4440
1267.3860	84.7567	7.5480
1279.5000	85.0236	6.7243
1291.7300	85.2760	5.9823
1304.0770	85.5176	5.3239
1316.5420	85.7523	4.7668
1329.1260	85.9852	4.3078
1341.8310	86.2195	3.9233
1354.6560	86.4576	3.6010
1367.6050	86.7014	3.3456
1380.6770	86.9539	3.1932
1393.8740	87.2218	3.1579
1407.1970	87.5108	3.2265
1420.6480	87.8286	3.3008
1434.2270	88.1724	3.3001
1447.9360	88.5440	3.3462
1461.7760	88.9621	3.1583
1475.7480	89.4010	2.4410
1489.8540	89.8503	1.1569
1504.0940	90.2817	-0.4629
1518.4710	90.7088	-2.0509
1532.9850	91.1436	-3.6126
1547.6380	91.5968	-5.2583
1562.4310	92.0699	-7.1583
1577.3660	92.5579	-9.2934
1592.4430	93.0713	-11.6754
1607.6640	93.6133	-14.8107
1623.0310	94.1428	-18.9637
1638.5440	94.6388	-24.0172
1654.2060	95.0764	-29.8334
1670.0180	95.4472	-36.2838
1685.9800	95.7363	-43.6196
1702.0960	95.8921	-51.2524
1718.3650	95.9556	-58.5140
1734.7900	95.9406	-65.4211
1751.3720	95.8763	-72.1822
1768.1120	95.7506	-79.1597
1785.0120	95.5493	-86.3363
1802.0740	95.2616	-93.5707
1819.2990	94.8843	-100.6618
1836.6890	94.4225	-107.5880
1854.2450	93.8657	-114.3464
1871.9680	93.2055	-120.3505
1889.8610	92.4885	-125.2513
1907.9250	91.7368	-129.1816
1926.1620	90.9745	-132.1891
1944.5730	90.2181	-134.3314
1963.1600	89.4870	-135.3349
1981.9250	88.8418	-135.8209
2000.8690	88.2416	-136.5587
2019.9940	87.6697	-137.4820
2039.3020	87.1046	-138.4487
2058.7950	86.5482	-139.2277
2078.4730	86.0065	-139.8085
2098.3400	85.4820	-140.2635
2118.3970	84.9737	-140.6889
2138.6460	84.4752	-141.1202
2159.0880	83.9831	-141.5391
2179.7250	83.4942	-141.9467
2200.5600	83.0047	-142.3421
2221.5940	82.5109	-142.7755
2242.8290	82.0000	-143.0771
2264.2660	81.4851	-143.0861
2285.9090	80.9690	-143.0119
2307.7590	80.4327	-142.5461
2329.8170	79.9103	-141.2814
2352.0870	79.4266	-139.1325
2374.5690	79.0286	-136.4578
2397.2660	78.7097	-133.9575
2420.1800	78.4468	-131.6851
2443.3130	78.2424	-129.6130
2466.6670	78.0885	-128.0925
2490.2450	77.9536	-127.3181
2514.0480	77.8121	-127.2829
2538.0780	77.6303	-127.4944
2562.3380	77.4342	-127.6011
2586.8300	77.2246	-127.6538
2611.5560	77.0175	-127.8679
2636.5180	76.7885	-128.4573
2661.7190	76.5282	-129.3970
2687.1610	76.2114	-130.4400
2712.8460	75.8501	-131.2357
2738.7760	75.4520	-131.8365
2764.9550	75.0127	-132.1569
2791.3830	74.5420	-131.9548
2818.0640	74.0576	-131.2206
2845.0010	73.5634	-129.9554
2872.1940	73.0703	-127.8567
2899.6480	72.6146	-124.7511
2927.3640	72.2272	-120.6167
2955.3450	71.9571	-116.1743
2983.5930	71.7636	-111.9926
3012.1120	71.6431	-107.8828
3040.9030	71.5913	-103.8942
3069.9690	71.6054	-100.0724
3099.3130	71.6820	-96.3317
3128.9380	71.8382	-92.9696
3158.8450	72.0453	-90.4360
3189.0390	72.2758	-88.8235
3219.5210	72.4948	-87.9558
3250.2940	72.6928	-87.4119
3281.3620	72.8790	-87.0770
3312.7270	73.0507	-87.0214
3344.3910	73.2047	-87.2607
3376.3580	73.3340	-87.7935
3408.6310	73.4326	-88.6061
3441.2120	73.4905	-89.5588
3474.1040	73.5129	-90.5279
3507.3110	73.4990	-91.6390
3540.8360	73.4303	-92.6004
3574.6800	73.3327	-93.0810
3608.8490	73.2197	-93.1342
3643.3440	73.1048	-92.7856
3678.1680	72.9971	-92.0763
3713.3260	72.9054	-90.9704
3748.8190	72.8453	-89.5212
3784.6520	72.8232	-87.9327
3820.8270	72.8351	-86.2909
3857.3480	72.8821	-84.5830
3894.2180	72.9656	-82.7774
3931.4410	73.0933	-80.8645
3969.0190	73.2712	-78.8292
4006.9570	73.5157	-76.9331
4045.2570	73.8094	-75.4155
4083.9230	74.1480	-74.1731
4122.9590	74.5354	-73.3588
4162.3680	74.9558	-73.1520
4202.1530	75.3977	-73.5373
4242.3190	75.8525	-74.5448
4282.8690	76.3085	-76.2257
4323.8070	76.7533	-78.5635
4365.1350	77.1791	-81.5722
4406.8590	77.5730	-85.3602
4448.9820	77.9141	-89.9557
4491.5070	78.1844	-95.2994
4534.4380	78.3650	-101.2349
4577.7810	78.4488	-107.6416
4621.5370	78.4222	-114.8281
4665.7110	78.2216	-121.8758
4710.3080	77.9237	-127.9009
4755.3310	77.5512	-132.8246
4800.7850	77.1836	-137.3635
4846.6730	76.7660	-142.5321
4892.9990	76.2647	-148.3947
4939.7680	75.6156	-154.3338
4986.9850	74.8398	-159.1861
5034.6520	73.9902	-162.8537
5082.7760	73.0765	-165.4295
5131.3590	72.1238	-166.3744
5180.4060	71.1976	-165.3700
5229.9230	70.3591	-162.3965
5279.9130	69.6939	-158.8079
5330.3800	69.1272	-155.6050
5381.3300	68.6518	-152.1598
5432.7670	68.2975	-149.1119
5484.6960	67.9970	-147.1031
5537.1210	67.7180	-146.4382
5590.0470	67.3541	-146.1528
5643.4790	66.9712	-144.7726
5697.4220	66.6212	-142.1319
5751.8800	66.3824	-138.9023
5806.8590	66.2425	-136.4599
5862.3630	66.1369	-135.0353
5918.3980	66.0464	-134.3812
5974.9680	65.9471	-134.7359
6032.0800	65.7925	-136.2969
6089.7370	65.5296	-139.3183
6147.9450	65.0534	-141.9624
6206.7100	64.4971	-142.7759
6266.0360	63.8961	-142.2604
6325.9290	63.3001	-140.5767
6386.3950	62.7233	-137.9336
6447.4390	62.1911	-133.9341
6509.0660	61.7781	-129.1965
6571.2820	61.4519	-124.7656
6634.0930	61.1798	-120.8708
6697.5050	60.9125	-117.1137
6761.5220	60.6592	-112.5105
6826.1520	60.4791	-106.7530
6891.3990	60.4132	-100.1263
6957.2700	60.4963	-93.3944
7023.7700	60.6955	-86.9887
7090.9060	61.0133	-80.6318
7158.6840	61.4719	-74.9102
7227.1100	62.0201	-70.3228
7296.1890	62.6358	-66.7052
7365.9290	63.3001	-64.1354
7436.3360	63.9865	-62.6815
7507.4160	64.6707	-62.6137
7579.1750	65.2872	-63.4288
7651.6190	65.8588	-64.1867
7724.7570	66.4183	-64.6477
7798.5930	67.0095	-65.1679
7873.1350	67.6303	-66.7093
7948.3900	68.2209	-69.5971
8024.3640	68.7496	-73.5880
8101.0640	69.1841	-78.2957
8178.4980	69.5287	-83.4694
8256.6710	69.7691	-89.3568
8335.5920	69.8611	-95.2916
8415.2670	69.8527	-100.6589
8495.7030	69.7561	-105.7616
8576.9090	69.5644	-110.2785
8658.8900	69.3170	-113.8252
8741.6560	69.0437	-116.2168
8825.2120	68.8059	-117.8649
8909.5670	68.5937	-119.6133
8994.7280	68.3796	-121.5982
9080.7040	68.1476	-123.6370
9167.5010	67.8932	-125.4360
9255.1270	67.6324	-126.9029
9343.5920	67.3682	-128.1375
9432.9020	67.1020	-129.0256
9523.0650	66.8501	-129.4974
9614.0910	66.6226	-129.4684
9705.9860	66.4517	-129.3241
9798.7600	66.3097	-129.4452
9892.4200	66.1914	-129.6836
9986.9760	66.0949	-130.1041
10082.4400	66.0112	-130.7838
10178.8100	65.9319	-131.7494
10276.1000	65.8462	-132.9633
10374.3200	65.7499	-134.3341
10473.4900	65.6418	-135.8759
10573.6000	65.5135	-137.5785
10674.6600	65.3613	-139.2557
10776.7000	65.1958	-140.8102
10879.7000	65.0224	-142.2583
10983.7000	64.8498	-143.7553
11088.6800	64.6664	-145.4141
11194.6700	64.4692	-147.0659
11301.6800	64.2706	-148.9330
11409.7000	64.0427	-151.2429
11518.7600	63.7719	-154.0876
11628.8600	63.4129	-157.0171
11740.0200	62.9934	-159.3518
11852.2300	62.5365	-161.1329
11965.5200	62.0523	-162.3847
12079.8900	61.5553	-163.0251
12195.3600	61.0629	-162.9700
12311.9200	60.6001	-162.2649
12429.6100	60.1851	-161.3565
12548.4100	59.7974	-160.4750
12668.3600	59.4359	-159.4976
12789.4500	59.1015	-158.5139
12911.6900	58.7857	-157.5969
13035.1100	58.4837	-156.9619
13159.7000	58.1572	-156.1329
13285.4900	57.8531	-154.5756
13412.4800	57.5928	-152.1992
13540.6800	57.4399	-149.6472
13670.1100	57.3583	-148.5364
13800.7700	57.2286	-148.2156
13932.6900	57.0989	-147.6468
14065.8600	56.9692	-147.1454
14200.3100	56.8394	-146.7018
14336.0400	56.7097	-146.3065
14473.0700	56.5800	-145.9517
14611.4100	56.4503	-145.6314
14751.0700	56.3206	-145.3409
14892.0700	56.1909	-145.0762
15034.4100	56.0612	-144.8341
15178.1200	55.9315	-144.6121
15323.2000	55.8018	-144.4080
15469.6600	55.6721	-144.2197
15617.5300	55.5424	-144.0458
15766.8100	55.4127	-143.8849
15917.5100	55.2830	-143.7357
16069.6600	55.1533	-143.5971
16223.2600	55.0236	-143.4683
16378.3300	54.8939	-143.3485
16534.8800	54.7641	-143.2368
16692.9200	54.6344	-143.1326
16852.4800	54.5047	-143.0354
17013.5600	54.3750	-142.9446
17176.1900	54.2453	-142.8598
17340.3600	54.1156	-142.7804
17506.1100	53.9859	-142.7062
17673.4400	53.8562	-142.6367
17842.3700	53.7265	-142.5717
18012.9200	53.5968	-142.5109
18185.0900	53.4671	-142.4539
18358.9100	53.3374	-142.4005
18534.3900	53.2077	-142.3505
18711.5500	53.0780	-142.3037
18890.4100	52.9483	-142.2599
19070.9700	52.8185	-142.2189
19253.2600	52.6888	-142.1805
19437.2900	52.5591	-142.1446
19623.0800	52.4294	-142.1111
19810.6400	52.2997	-142.0797
20000.0000	52.1700	-142.0504