Freq	dB	Phase
200.0000	64.5592	163.1264
201.3306	64.6740	162.9957
202.6701	64.7888	162.8641
204.0186	64.9036	162.7316
205.3759	65.0184	162.5982
206.7423	65.1332	162.4639
208.1178	65.2480	162.3287
209.5025	65.3628	162.1925
210.8964	65.4776	162.0555
212.2995	65.5924	161.9175
213.7120	65.7072	161.7785
215.1339	65.8220	161.6386
216.5652	65.9368	161.4977
218.0060	66.0516	161.3559
219.4565	66.1664	161.2131
220.9166	66.2812	161.0693
222.3864	66.3960	160.9245
223.8660	66.5108	160.7787
225.3554	66.6256	160.6319
226.8547	66.7404	160.4841
228.3641	66.8552	160.3352
229.8834	66.9700	160.1853
231.4129	67.0848	160.0344
232.9525	67.1996	159.8824
234.5024	67.3144	159.7294
236.0626	67.4292	159.5753
237.6332	67.5440	159.4201
239.2142	67.6588	159.2638
240.8057	67.7736	159.1064
242.4079	67.8884	158.9479
244.0207	68.0032	158.7883
245.6442	68.1180	158.6275
247.2785	68.2328	158.4657
248.9237	68.3476	158.3026
250.5799	68.4624	158.1385
252.2470	68.5772	157.9731
253.9253	68.6920	157.8066
255.6147	68.8068	157.6389
257.3154	68.9216	157.4700
259.0273	69.0364	157.2998
260.7507	69.1512	157.1285
262.4855	69.2661	156.9559
264.2319	69.3809	156.7821
265.9899	69.4957	156.6071
267.7596	69.6105	156.4307
269.5411	69.7253	156.2531
271.3344	69.8401	156.0742
273.1396	69.9549	155.8941
274.9569	70.0697	155.7126
276.7862	70.1845	155.5297
278.6277	70.2993	155.3456
280.4815	70.4141	155.1601
282.3476	70.5289	154.9732
284.2261	70.6437	154.7850
286.1172	70.7585	154.5953
288.0208	70.8733	154.4043
289.9370	70.9881	154.2119
291.8660	71.1029	154.0180
293.8079	71.2177	153.8227
295.7627	71.3325	153.6259
297.7304	71.4473	153.4277
299.7113	71.5621	153.2280
301.7054	71.6769	153.0268
303.7127	71.7917	152.8241
305.7333	71.9065	152.6198
307.7674	72.0213	152.4140
309.8151	72.1361	152.2067
311.8764	72.2509	151.9978
313.9513	72.3657	151.7873
316.0401	72.4805	151.5751
318.1428	72.5953	151.3614
320.2595	72.7101	151.1460
322.3902	72.8249	150.9290
324.5352	72.9397	150.7103
326.6944	73.0545	150.4899
328.8679	73.1693	150.2677
331.0560	73.2841	150.0439
333.2586	73.3989	149.8183
335.4758	73.5137	149.5909
337.7078	73.6285	149.3618
339.9546	73.7433	149.1308
342.2164	73.8581	148.8981
344.4933	73.9729	148.6634
346.7853	74.0877	148.4269
349.0925	74.2025	148.1885
351.4151	74.3173	147.9482
353.7531	74.4321	147.7060
356.1067	74.5469	147.4618
358.4760	74.6617	147.2156
360.8610	74.7765	146.9674
363.2619	74.8913	146.7172
365.6788	75.0061	146.4649
368.1117	75.1209	146.2105
370.5608	75.2357	145.9541
373.0263	75.3505	145.6955
375.5081	75.4653	145.4347
378.0064	75.5801	145.1717
380.5214	75.6949	144.9066
383.0531	75.8097	144.6391
385.6016	75.9245	144.3694
388.1671	76.0393	144.0974
390.7497	76.1541	143.8230
393.3494	76.2689	143.5462
395.9665	76.3837	143.2671
398.6009	76.4985	142.9854
401.2529	76.6133	142.7013
403.9225	76.7281	142.4147
406.6099	76.8429	142.1255
409.3152	76.9577	141.8337
412.0384	77.0725	141.5392
414.7798	77.1873	141.2421
417.5394	77.3021	140.9422
420.3174	77.4169	140.6396
423.1139	77.5317	140.3341
425.9289	77.6465	140.0257
428.7627	77.7614	139.7144
431.6154	77.8762	139.4001
434.4870	77.9910	139.0828
437.3778	78.1058	138.7624
440.2877	78.2206	138.4388
443.2171	78.3354	138.1119
446.1659	78.4502	137.7818
449.1343	78.5650	137.4483
452.1225	78.6798	137.1113
455.1306	78.7946	136.7708
458.1587	78.9094	136.4267
461.2069	79.0242	136.0789
464.2754	79.1390	135.7272
467.3643	79.2538	135.3716
470.4738	79.3686	135.0120
473.6040	79.4834	134.6482
476.7550	79.5982	134.2801
479.9269	79.7130	133.9075
483.1200	79.8278	133.5302
486.3343	79.9426	133.1481
489.5700	80.0574	132.7608
492.8272	80.1722	132.3681
496.1061	80.2870	131.9694
499.4068	80.4018	131.5610
502.7295	80.5163	131.1409
506.0742	80.6305	130.7124
509.4413	80.7443	130.2768
512.8307	80.8577	129.8346
516.2427	80.9707	129.3857
519.6773	81.0831	128.9302
523.1349	81.1952	128.4681
526.6154	81.3067	127.9989
530.1191	81.4176	127.5195
533.6461	81.5278	127.0371
537.1965	81.6376	126.5508
540.7706	81.7467	126.0530
544.3685	81.8550	125.5501
547.9903	81.9626	125.0404
551.6362	82.0694	124.5234
555.3064	82.1754	124.0032
559.0009	82.2806	123.4789
562.7201	82.3851	122.9467
566.4640	82.4885	122.4081
570.2328	82.5911	121.8666
574.0267	82.6929	121.3191
577.8458	82.7936	120.7651
581.6904	82.8933	120.2083
585.5605	82.9920	119.6504
589.4563	83.0898	119.0908
593.3781	83.1868	118.5239
597.3260	83.2826	117.9516
601.3001	83.3773	117.3808
605.3007	83.4712	116.8074
609.3279	83.5640	116.2325
613.3819	83.6560	115.6561
617.4629	83.7470	115.0744
621.5710	83.8368	114.4912
625.7064	83.9257	113.9108
629.8694	84.0138	113.3299
634.0601	84.1009	112.7447
638.2786	84.1870	112.1611
642.5252	84.2723	111.5771
646.8001	84.3567	110.9906
651.1034	84.4401	110.4066
655.4353	84.5229	109.8209
659.7961	84.6046	109.2315
664.1858	84.6854	108.6435
668.6048	84.7653	108.0591
673.0532	84.8445	107.4735
677.5312	84.9228	106.8864
682.0389	85.0003	106.3007
686.5767	85.0769	105.7142
691.1446	85.1527	105.1288
695.7430	85.2277	104.5459
700.3719	85.3020	103.9634
705.0316	85.3756	103.3802
709.7223	85.4483	102.7970
714.4443	85.5202	102.2164
719.1976	85.5914	101.6382
723.9826	85.6620	101.0604
728.7994	85.7318	100.4836
733.6483	85.8010	99.9086
738.5294	85.8694	99.3357
743.4430	85.9373	98.7646
748.3893	86.0045	98.1968
753.3685	86.0712	97.6320
758.3808	86.1374	97.0677
763.4265	86.2031	96.5037
768.5058	86.2682	95.9434
773.6188	86.3329	95.3863
778.7659	86.3971	94.8293
783.9472	86.4609	94.2748
789.1629	86.5244	93.7231
794.4134	86.5875	93.1726
799.6988	86.6502	92.6231
805.0194	86.7126	92.0773
810.3754	86.7749	91.5312
815.7670	86.8367	90.9851
821.1944	86.8983	90.4424
826.6580	86.9598	89.8980
832.1580	87.0209	89.3550
837.6945	87.0819	88.8135
843.2679	87.1427	88.2695
848.8783	87.2032	87.7262
854.5261	87.2635	87.1830
860.2114	87.3237	86.6379
865.9346	87.3836	86.0916
871.6959	87.4433	85.5452
877.4955	87.5029	84.9959
883.3336	87.5621	84.4437
889.2106	87.6211	83.8908
895.1268	87.6798	83.3343
901.0822	87.7382	82.7745
907.0773	87.7962	82.2129
913.1123	87.8539	81.6487
919.1875	87.9112	81.0818
925.3030	87.9682	80.5111
931.4593	88.0246	79.9370
937.6565	88.0806	79.3607
943.8949	88.1362	78.7819
950.1748	88.1913	78.1994
956.4966	88.2458	77.6129
962.8603	88.2998	77.0233
969.2665	88.3532	76.4316
975.7152	88.4061	75.8370
982.2069	88.4584	75.2386
988.7417	88.5100	74.6372
995.3200	88.5610	74.0338
1001.9420	88.6114	73.4269
1008.6080	88.6610	72.8163
1015.3190	88.7100	72.2039
1022.0740	88.7584	71.5879
1028.8740	88.8059	70.9681
1035.7190	88.8527	70.3457
1042.6100	88.8988	69.7203
1049.5470	88.9441	69.0918
1056.5300	88.9885	68.4595
1063.5590	89.0321	67.8234
1070.6350	89.0748	67.1847
1077.7580	89.1166	66.5425
1084.9290	89.1574	65.8969
1092.1470	89.1972	65.2486
1099.4130	89.2361	64.5970
1106.7280	89.2739	63.9421
1114.0910	89.3106	63.2846
1121.5040	89.3462	62.6247
1128.9650	89.3806	61.9615
1136.4770	89.4138	61.2964
1144.0380	89.4459	60.6294
1151.6490	89.4767	59.9603
1159.3120	89.5062	59.2905
1167.0250	89.5344	58.6195
1174.7890	89.5614	57.9475
1182.6050	89.5870	57.2755
1190.4730	89.6112	56.6035
1198.3940	89.6341	55.9321
1206.3670	89.6557	55.2617
1214.3930	89.6759	54.5924
1222.4730	89.6947	53.9250
1230.6060	89.7122	53.2595
1238.7940	89.7284	52.5964
1247.0360	89.7432	51.9361
1255.3330	89.7566	51.2792
1263.6850	89.7688	50.6259
1272.0920	89.7796	49.9769
1280.5560	89.7892	49.3324
1289.0750	89.7976	48.6923
1297.6520	89.8047	48.0572
1306.2860	89.8107	47.4276
1314.9770	89.8155	46.8032
1323.7250	89.8191	46.1843
1332.5320	89.8217	45.5713
1341.3980	89.8232	44.9642
1350.3230	89.8236	44.3633
1359.3070	89.8231	43.7685
1368.3500	89.8215	43.1803
1377.4540	89.8190	42.5988
1386.6190	89.8156	42.0241
1395.8440	89.8112	41.4561
1405.1310	89.8060	40.8951
1414.4800	89.8000	40.3411
1423.8910	89.7932	39.7941
1433.3640	89.7856	39.2542
1442.9010	89.7773	38.7215
1452.5010	89.7683	38.1959
1462.1640	89.7585	37.6776
1471.8920	89.7481	37.1668
1481.6850	89.7371	36.6637
1491.5430	89.7254	36.1686
1501.4670	89.7132	35.6812
1511.4560	89.7005	35.2018
1521.5130	89.6873	34.7303
1531.6350	89.6736	34.2670
1541.8260	89.6595	33.8121
1552.0840	89.6450	33.3652
1562.4100	89.6301	32.9268
1572.8050	89.6150	32.4968
1583.2700	89.5996	32.0750
1593.8030	89.5839	31.6615
1604.4070	89.5681	31.2565
1615.0820	89.5522	30.8599
1625.8270	89.5362	30.4716
1636.6440	89.5201	30.0914
1647.5330	89.5040	29.7194
1658.4950	89.4880	29.3552
1669.5290	89.4721	28.9980
1680.6370	89.4563	28.6480
1691.8180	89.4406	28.3051
1703.0740	89.4251	27.9686
1714.4050	89.4098	27.6384
1725.8120	89.3947	27.3143
1737.2940	89.3799	26.9962
1748.8520	89.3652	26.6838
1760.4880	89.3509	26.3766
1772.2010	89.3368	26.0744
1783.9920	89.3231	25.7770
1795.8610	89.3096	25.4841
1807.8090	89.2965	25.1953
1819.8370	89.2836	24.9103
1831.9450	89.2711	24.6289
1844.1330	89.2588	24.3511
1856.4030	89.2468	24.0765
1868.7540	89.2352	23.8048
1881.1870	89.2238	23.5362
1893.7030	89.2126	23.2706
1906.3020	89.2018	23.0077
1918.9850	89.1912	22.7474
1931.7520	89.1808	22.4896
1944.6050	89.1707	22.2343
1957.5430	89.1608	21.9812
1970.5670	89.1512	21.7302
1983.6770	89.1417	21.4814
1996.8750	89.1323	21.2346
2010.1610	89.1232	20.9901
2023.5350	89.1141	20.7480
2036.9980	89.1052	20.5086
2050.5500	89.0963	20.2722
2064.1930	89.0875	20.0393
2077.9270	89.0788	19.8102
2091.7520	89.0701	19.5853
2105.6690	89.0614	19.3655
2119.6780	89.0527	19.1517
2133.7810	89.0440	18.9449
2147.9770	89.0352	18.7470
2162.2680	89.0264	18.5602
2176.6540	89.0176	18.3879
2191.1360	89.0086	18.2347
2205.7140	88.9995	18.0553
2220.3890	88.9861	17.9975
2235.1620	88.9772	18.7031
2250.0330	89.0164	19.4622
2265.0030	89.0639	19.6503
2280.0720	89.1214	19.7659
2295.2420	89.1886	19.5574
2310.5130	89.2491	19.2377
2325.8850	89.3192	18.4927
2341.3600	89.3599	16.8873
2356.9380	89.3527	15.4006
2372.6190	89.3236	15.2070
2388.4040	89.3350	15.6147
2404.2950	89.3636	15.3857
2420.2910	89.3865	14.6485
2436.3940	89.3922	14.1399
2452.6040	89.4099	14.1202
2468.9220	89.4469	14.1105
2485.3480	89.5006	13.4234
2501.8830	89.5320	12.1457
2518.5290	89.5466	10.5906
2535.2850	89.5267	8.5284
2552.1530	89.4568	5.9831
2569.1330	89.3127	4.4083
2586.2260	89.1752	4.6284
2603.4330	89.0748	5.6823
2620.7540	89.0242	7.2017
2638.1910	89.0367	8.5532
2655.7430	89.0902	8.8325
2673.4120	89.1412	7.7880
2691.1990	89.1521	6.1090
2709.1040	89.1252	5.1319
2727.1290	89.1152	4.5278
2745.2730	89.0996	3.0358
2763.5380	89.0436	0.3533
2781.9240	88.9010	-2.4378
2800.4330	88.7072	-4.3435
2819.0650	88.4780	-5.7922
2837.8210	88.2068	-5.5783
2856.7010	87.9918	-3.2528
2875.7080	87.8616	-0.5119
2894.8400	87.8005	1.6748
2914.1000	87.7795	3.3182
2933.4880	87.7918	4.8478
2953.0060	87.8447	6.0158
2972.6530	87.9178	6.3328
2992.4300	87.9868	5.4481
3012.3400	88.0065	3.7679
3032.3810	87.9778	1.9568
3052.5560	87.8959	-0.1431
3072.8660	87.7382	-1.2813
3093.3100	87.5797	-0.1343
3113.8910	87.4884	2.2859
3134.6080	87.4698	4.4521
3155.4630	87.4924	5.8902
3176.4570	87.5360	7.5333
3197.5910	87.6433	9.2156
3218.8650	87.7890	9.0989
3240.2810	87.8869	7.7945
3261.8390	87.9571	6.5930
3283.5410	88.0031	5.0124
3305.3870	88.0052	2.3943
3327.3790	87.9138	-0.6825
3349.5160	87.7403	-2.8166
3371.8020	87.5221	-3.1695
3394.2350	87.3179	-0.8549
3416.8180	87.2261	3.7182
3439.5500	87.2870	8.2818
3462.4340	87.4558	11.2224
3485.4710	87.6792	11.9659
3508.6600	87.8850	10.5318
3532.0040	88.0232	7.6272
3555.5030	88.0644	4.2173
3579.1590	88.0121	1.5654
3602.9720	87.9111	0.7865
3626.9430	87.8340	1.7366
3651.0740	87.8138	3.4023
3675.3660	87.8580	4.9252
3699.8190	87.9511	4.9949
3724.4340	88.0156	3.6379
3749.2140	88.0403	2.0079
3774.1580	88.0264	0.2584
3799.2680	87.9629	0.1989
3824.5460	87.9793	1.0306
3849.9910	88.0106	0.0703
3875.6060	87.9976	-1.5717
3901.3910	87.9609	-3.7697
3927.3480	87.8443	-6.4335
3953.4780	87.6639	-8.1462
3979.7810	87.4531	-6.7875
4006.2600	87.3771	-3.4178
4032.9140	87.4034	-1.8277
4059.7460	87.4415	-2.7634
4086.7560	87.4191	-5.1645
4113.9460	87.3211	-8.2674
4141.3170	87.1167	-10.8121
4168.8700	86.8645	-11.3649
4196.6070	86.6242	-9.6540
4224.5280	86.4718	-7.1569
4252.6350	86.3682	-5.4364
4280.9280	86.2868	-4.2939
4309.4100	86.2092	-3.2727
4338.0820	86.1401	-1.0715
4366.9440	86.1559	1.6721
4395.9980	86.2201	2.8722
4425.2460	86.2621	4.6915
4454.6880	86.4121	5.4168
4484.3260	86.4778	3.3381
4514.1610	86.4601	1.9694
4544.1950	86.4104	3.0046
4574.4280	86.4405	5.3269
4604.8630	86.5219	7.0258
4635.5000	86.6371	8.2187
4666.3410	86.7766	9.1485
4697.3870	86.9473	8.6684
4728.6400	87.0590	6.6904
4760.1010	87.1084	5.0089
4791.7710	87.1264	4.7563
4823.6520	87.1856	4.6661
4855.7440	87.2254	3.4962
4888.0510	87.2304	2.2307
4920.5720	87.2111	1.3165
4953.3100	87.1801	0.5152
4986.2650	87.1264	0.1201
5019.4400	87.0805	1.2955
5052.8350	87.1190	2.7719
5086.4530	87.1893	2.3661
5120.2940	87.2187	0.4696
5154.3610	87.1858	-1.5367
5188.6540	87.1116	-3.6157
5223.1750	86.9664	-5.5011
5257.9260	86.7794	-6.0150
5292.9080	86.5967	-4.6392
5328.1230	86.4796	-0.8708
5363.5720	86.5192	3.2746
5399.2570	86.6501	5.2031
5435.1800	86.7966	4.2323
5471.3410	86.8541	1.3491
5507.7430	86.8105	-1.3173
5544.3870	86.6975	-2.6667
5581.2750	86.5640	-1.6059
5618.4090	86.5144	0.8374
5655.7890	86.5287	2.4807
5693.4190	86.5644	3.1962
5731.2980	86.6016	3.9319
5769.4300	86.6709	3.6067
5807.8150	86.6713	2.8844
5846.4560	86.6766	3.8579
5885.3530	86.7357	5.2644
5924.5100	86.8339	5.1991
5963.9270	86.8893	3.5512
6003.6060	86.8801	1.6578
6043.5500	86.8119	1.0617
6083.7590	86.7635	1.8528
6124.2350	86.7422	3.1451
6164.9810	86.7649	4.8938
6205.9980	86.8433	7.1432
6247.2880	87.0105	7.3009
6288.8530	87.0991	5.0554
6330.6940	87.1196	3.2996
6372.8130	87.1062	2.1792
6415.2130	87.0661	1.9735
6457.8950	87.0490	2.4909
6500.8610	87.0491	2.8306
6544.1120	87.0530	3.5747
6587.6520	87.1028	4.0506
6631.4810	87.1396	3.6072
6675.6020	87.1594	3.1724
6720.0160	87.1687	3.8618
6764.7260	87.2451	4.1638
6809.7330	87.2889	2.6841
6855.0390	87.2779	0.8043
6900.6470	87.2075	0.1483
6946.5590	87.1644	0.4388
6992.7760	87.1194	0.7203
7039.3000	87.0901	1.7847
7086.1350	87.1097	3.0386
7133.2800	87.1586	3.1533
7180.7390	87.1785	2.4110
7228.5140	87.1702	1.8993
7276.6070	87.1485	2.4358
7325.0200	87.1691	3.7537
7373.7550	87.2303	4.4076
7422.8140	87.2891	3.2603
7472.2000	87.2595	3.7060
7521.9140	87.3443	5.3402
7571.9590	87.4292	4.8310
7622.3370	87.4782	3.7686
7673.0500	87.4952	3.0369
7724.1010	87.5008	2.8735
7775.4910	87.5108	3.2939
7827.2230	87.5456	4.5710
7879.2990	87.6465	5.0654
7931.7220	87.7218	3.7317
7984.4930	87.7387	2.3406
8037.6160	87.7282	2.7691
8091.0920	87.7886	3.2922
8144.9240	87.8258	2.7716
8199.1140	87.8586	2.5979
8253.6640	87.8959	2.4097
8308.5780	87.9276	2.7987
8363.8570	88.0092	2.5399
8419.5030	88.0448	0.5194
8475.5200	88.0066	-1.4654
8531.9090	87.9188	-0.5473
8588.6740	87.9547	1.8082
8645.8160	88.0372	2.2944
8703.3390	88.1113	1.6536
8761.2440	88.1633	0.0804
8819.5350	88.1474	-1.4124
8878.2130	88.1141	-1.6010
8937.2820	88.0992	-1.0304
8996.7430	88.1107	0.5526
9056.6010	88.2103	1.6672
9116.8560	88.3088	0.6715
9177.5130	88.3540	-0.7376
9238.5730	88.3793	-2.0848
9300.0390	88.3579	-2.9761
9361.9140	88.3447	-2.6492
9424.2010	88.3680	-2.9599
9486.9020	88.3460	-2.3599
9550.0210	88.4252	-1.3122
9613.5590	88.4972	-2.9446
9677.5200	88.4813	-4.2060
9741.9070	88.4907	-4.6412
9806.7220	88.4694	-5.0956
9871.9680	88.4645	-4.3020
9937.6490	88.5164	-3.5944
10003.7700	88.5799	-3.8744
10070.3200	88.6373	-5.1809
10137.3200	88.6429	-7.5873
10204.7700	88.5651	-8.7599
10272.6600	88.5182	-7.8772
10341.0100	88.5270	-7.1539
10409.8100	88.5502	-7.6288
10479.0700	88.5447	-8.6412
10548.7900	88.5174	-9.3687
10618.9700	88.4795	-9.2696
10689.6200	88.4732	-7.9164
10760.7400	88.5457	-7.6541
10832.3400	88.5754	-9.0293
10904.4100	88.5728	-10.0215
10976.9600	88.5601	-10.3668
11049.9900	88.5618	-10.7180
11123.5100	88.5524	-11.3992
11197.5100	88.5337	-12.1337
11272.0100	88.5002	-13.1123
11347.0100	88.4358	-13.4876
11422.5000	88.3928	-12.3539
11498.5000	88.4237	-11.4779
11575.0000	88.4604	-13.5698
11652.0100	88.3577	-14.3377
11729.5400	88.3568	-12.9318
11807.5800	88.3705	-12.9605
11886.1300	88.3794	-13.0434
11965.2100	88.4055	-13.3079
12044.8200	88.4215	-14.9212
12124.9600	88.3620	-16.8825
12205.6300	88.2641	-16.7441
12286.8400	88.2338	-15.3780
12368.5800	88.2463	-15.1170
12450.8700	88.2462	-15.9585
12533.7100	88.2139	-17.2950
12617.1000	88.1311	-16.6459
12701.0500	88.1551	-14.9649
12785.5500	88.2027	-15.2457
12870.6100	88.2212	-16.9078
12956.2400	88.1719	-18.2486
13042.4500	88.1177	-18.2009
13129.2200	88.0907	-17.6450
13216.5700	88.0904	-17.4996
13304.5000	88.0880	-18.1287
13393.0200	88.0587	-18.8240
13482.1300	88.0234	-19.0466
13571.8300	87.9937	-19.1341
13662.1200	87.9639	-18.5782
13753.0200	87.9859	-18.5455
13844.5200	87.9727	-19.9698
13936.6300	87.9060	-20.0704
14029.3600	87.8988	-19.1424
14122.7000	87.9108	-19.3077
14216.6600	87.9040	-20.2046
14311.2500	87.8667	-20.9538
14406.4600	87.8199	-20.5118
14502.3100	87.8254	-19.8134
14598.8000	87.8390	-20.1593
14695.9300	87.8315	-20.6450
14793.7000	87.8264	-20.9924
14892.1300	87.8131	-21.6173
14991.2100	87.7825	-22.3142
15090.9500	87.7364	-22.2492
15191.3500	87.7254	-21.9151
15292.4200	87.7167	-22.2643
15394.1700	87.6937	-22.8709
15496.5900	87.6538	-22.5608
15599.6900	87.6651	-22.1132
15703.4800	87.6701	-22.6831
15807.9600	87.6549	-23.4438
15913.1300	87.6207	-22.9759
16019.0000	87.6564	-22.6093
16125.5800	87.6692	-23.7790
16232.8700	87.6462	-25.1095
16340.8700	87.5928	-25.7364
16449.5900	87.5530	-25.8268
16559.0300	87.5187	-26.1795
16669.2000	87.4777	-26.8469
16780.1100	87.4194	-27.6782
16891.7500	87.3400	-27.7120
17004.1300	87.2980	-27.4272
17117.2700	87.2570	-28.4787
17231.1500	87.1543	-28.7974
17345.7900	87.1043	-28.3294
17461.2000	87.0481	-28.8773
17577.3700	86.9694	-29.7258
17694.3200	86.8612	-29.6931
17812.0400	86.7916	-29.7583
17930.5500	86.6811	-30.6562
18049.8500	86.5419	-30.5893
18169.9400	86.4233	-30.1233
18290.8200	86.2918	-29.5831
18412.5200	86.1711	-28.0845
18535.0200	86.0914	-25.4489
18658.3400	86.0922	-23.0108
18782.4800	86.1119	-20.7590
18907.4400	86.1973	-18.0338
19033.2300	86.3417	-15.9559
19159.8700	86.5167	-15.3386
19287.3400	86.6599	-15.0617
19415.6600	86.8235	-14.3621
19544.8400	86.9988	-14.8091
19674.8800	87.1192	-14.7772
19805.7800	87.2934	-14.0684
19937.5500	87.4685	-14.3223
20070.2000	87.6340	-14.4834
20203.7300	87.8162	-14.2744
20338.1500	88.0261	-14.7035
20473.4700	88.2196	-16.1354
20609.6800	88.3829	-17.7296
20746.8000	88.5316	-19.4223
20884.8300	88.6534	-21.4115
21023.7900	88.7473	-23.4989
21163.6600	88.8134	-25.6113
21304.4700	88.8539	-28.0313
21446.2100	88.8446	-30.0791
21588.9000	88.8336	-31.2515
21732.5300	88.8330	-32.9473
21877.1200	88.7885	-34.4956
22022.6800	88.7621	-35.4453
22169.2000	88.7335	-36.8451
22316.7000	88.6887	-38.3789
22465.1700	88.6316	-39.7436
22614.6400	88.5694	-41.0525
22765.1000	88.4966	-42.3807
22916.5600	88.4143	-43.2835
23069.0300	88.3503	-44.3514
23222.5100	88.2632	-45.7452
23377.0200	88.1691	-46.7349
23532.5500	88.0800	-47.8109
23689.1200	87.9749	-48.7710
23846.7300	87.8807	-49.4545
24005.3800	87.7892	-50.3539
24165.1000	87.6921	-51.2543
24325.8700	87.5988	-52.3146
24487.7200	87.4895	-53.5961
24650.6400	87.3683	-54.7288
24814.6500	87.2414	-55.6320
24979.7400	87.1182	-56.6861
25145.9400	86.9773	-57.8572
25313.2400	86.8304	-58.6823
25481.6600	86.6902	-59.6612
25651.1900	86.5321	-60.8819
25821.8500	86.3627	-62.0385
25993.6500	86.1788	-63.2526
26166.5900	85.9760	-63.9344
26340.6900	85.7943	-64.7025
26515.9400	85.5845	-66.0289
26692.3500	85.3519	-66.9894
26869.9400	85.1130	-67.5067
27048.7100	84.8767	-67.9837
27228.6800	84.6301	-68.5000
27409.8300	84.3762	-68.7846
27592.2000	84.1216	-68.7551
27775.7800	83.8750	-68.6763
27960.5700	83.6240	-68.6358
28146.6000	83.3712	-68.3780
28333.8700	83.1220	-67.6644
28522.3800	82.8970	-67.0952
28712.1400	82.6587	-66.8240
28903.1700	82.4156	-65.9697
29095.4700	82.1929	-64.4016
29289.0500	82.0083	-62.8034
29483.9200	81.8401	-61.4931
29680.0800	81.6862	-60.0510
29877.5500	81.5576	-58.6971
30076.3300	81.4376	-57.8079
30276.4300	81.3100	-56.9657
30477.8700	81.1867	-55.4656
30680.6500	81.1020	-53.9543
30884.7700	81.0217	-52.8050
31090.2500	80.9550	-51.5457
31297.1000	80.9037	-50.2825
31505.3300	80.8712	-49.7724
31714.9400	80.8044	-49.6002
31925.9500	80.7351	-48.8290
32138.3600	80.6757	-47.9035
32352.1800	80.6242	-47.2301
32567.4300	80.5642	-46.5740
32784.1100	80.5109	-45.6893
33002.2300	80.4659	-45.0108
33221.8000	80.4118	-44.2744
33442.8300	80.3699	-43.3531
33665.3300	80.3319	-42.5769
33889.3200	80.2948	-41.7866
34114.7900	80.2621	-40.8346
34341.7600	80.2411	-39.8342
34570.2500	80.2275	-38.9103
34800.2500	80.2201	-37.9294
35031.7800	80.2251	-36.9785
35264.8600	80.2351	-36.1042
35499.4800	80.2532	-35.1624
35735.6700	80.2829	-34.0907
35973.4300	80.3329	-33.2502
36212.7600	80.3817	-32.6032
36453.7000	80.4419	-31.8330
36696.2300	80.5170	-31.5883
36940.3800	80.5730	-31.7124
37186.1500	80.6252	-31.8771
37433.5600	80.6622	-32.3502
37682.6100	80.6774	-32.7161
37933.3200	80.6883	-32.9285
38185.7000	80.6900	-33.2804
38439.7600	80.6784	-33.7472
38695.5100	80.6500	-34.3353
38952.9600	80.5982	-34.7551
39212.1200	80.5380	-34.7711
39473.0100	80.4778	-34.5798
39735.6300	80.4176	-34.2931
40000.0000	80.3574	-33.8842