Freq	dB	Phase
200.0000	63.5263	165.1123
201.3306	63.6401	164.9728
202.6701	63.7539	164.8502
204.0186	63.8685	164.7339
205.3759	63.9834	164.6115
206.7423	64.0985	164.4864
208.1178	64.2136	164.3695
209.5025	64.3294	164.2565
210.8964	64.4456	164.1359
212.2995	64.5618	164.0112
213.7120	64.6781	163.8934
215.1339	64.7951	163.7786
216.5652	64.9124	163.6557
218.0060	65.0298	163.5278
219.4565	65.1472	163.4059
220.9166	65.2653	163.2865
222.3864	65.3836	163.1585
223.8660	65.5021	163.0258
225.3554	65.6207	162.8911
226.8547	65.7395	162.7542
228.3641	65.8583	162.6165
229.8834	65.9772	162.4850
231.4129	66.0968	162.3514
232.9525	66.2166	162.2078
234.5024	66.3365	162.0605
236.0626	66.4564	161.9104
237.6332	66.5764	161.7576
239.2142	66.6965	161.6017
240.8057	66.8166	161.4437
242.4079	66.9367	161.2915
244.0207	67.0575	161.1297
245.6442	67.1778	160.9572
247.2785	67.2982	160.7929
248.9237	67.4190	160.6170
250.5799	67.5392	160.4383
252.2470	67.6597	160.2643
253.9253	67.7802	160.0763
255.6147	67.9002	159.8934
257.3154	68.0208	159.7080
259.0273	68.1408	159.5123
260.7507	68.2608	159.3248
262.4855	68.3811	159.1286
264.2319	68.5009	158.9229
265.9899	68.6205	158.7216
267.7596	68.7401	158.5195
269.5411	68.8596	158.3155
271.3344	68.9790	158.1097
273.1396	69.0983	157.9019
274.9569	69.2176	157.6925
276.7862	69.3369	157.4739
278.6277	69.4557	157.2573
280.4815	69.5746	157.0474
282.3476	69.6937	156.8264
284.2261	69.8124	156.5953
286.1172	69.9306	156.3716
288.0208	70.0491	156.1551
289.9370	70.1677	155.9277
291.8660	70.2859	155.6968
293.8079	70.4041	155.4704
295.7627	70.5225	155.2407
297.7304	70.6407	155.0026
299.7113	70.7587	154.7648
301.7054	70.8767	154.5260
303.7127	70.9945	154.2826
305.7333	71.1122	154.0482
307.7674	71.2304	153.8029
309.8151	71.3479	153.5453
311.8764	71.4653	153.2958
313.9513	71.5828	153.0478
316.0401	71.7003	152.7923
318.1428	71.8175	152.5324
320.2595	71.9347	152.2738
322.3902	72.0519	152.0084
324.5352	72.1687	151.7419
326.6944	72.2856	151.4749
328.8679	72.4022	151.2003
331.0560	72.5186	150.9208
333.2586	72.6347	150.6434
335.4758	72.7507	150.3661
337.7078	72.8666	150.0816
339.9546	72.9822	149.7925
342.2164	73.0974	149.5058
344.4933	73.2126	149.2193
346.7853	73.3277	148.9264
349.0925	73.4424	148.6297
351.4151	73.5569	148.3305
353.7531	73.6711	148.0325
356.1067	73.7851	147.7370
358.4760	73.8992	147.4374
360.8610	74.0130	147.1328
363.2619	74.1265	146.8266
365.6788	74.2399	146.5189
368.1117	74.3531	146.2098
370.5608	74.4661	145.8994
373.0263	74.5789	145.5878
375.5081	74.6917	145.2749
378.0064	74.8042	144.9599
380.5214	74.9167	144.6478
383.0531	75.0293	144.3343
385.6016	75.1419	144.0111
388.1671	75.2541	143.6859
390.7497	75.3663	143.3619
393.3494	75.4785	143.0357
395.9665	75.5906	142.7070
398.6009	75.7026	142.3760
401.2529	75.8147	142.0387
403.9225	75.9264	141.6956
406.6099	76.0380	141.3527
409.3152	76.1495	141.0135
412.0384	76.2613	140.6646
414.7798	76.3725	140.3046
417.5394	76.4836	139.9501
420.3174	76.5947	139.5902
423.1139	76.7054	139.2226
425.9289	76.8160	138.8530
428.7627	76.9263	138.4763
431.6154	77.0362	138.1016
434.4870	77.1462	137.7215
437.3778	77.2557	137.3287
440.2877	77.3647	136.9368
443.2171	77.4735	136.5453
446.1659	77.5820	136.1474
449.1343	77.6901	135.7433
452.1225	77.7978	135.3382
455.1306	77.9053	134.9283
458.1587	78.0123	134.5111
461.2069	78.1188	134.0913
464.2754	78.2249	133.6718
467.3643	78.3308	133.2439
470.4738	78.4358	132.8131
473.6040	78.5407	132.3859
476.7550	78.6453	131.9478
479.9269	78.7492	131.5061
483.1200	78.8528	131.0649
486.3343	78.9560	130.6171
489.5700	79.0586	130.1646
492.8272	79.1608	129.7083
496.1061	79.2624	129.2480
499.4068	79.3636	128.7837
502.7295	79.4642	128.3155
506.0742	79.5642	127.8432
509.4413	79.6637	127.3667
512.8307	79.7626	126.8860
516.2427	79.8609	126.4010
519.6773	79.9585	125.9116
523.1349	80.0555	125.4179
526.6154	80.1519	124.9193
530.1191	80.2476	124.4131
533.6461	80.3423	123.9056
537.1965	80.4364	123.3959
540.7706	80.5297	122.8776
544.3685	80.6221	122.3561
547.9903	80.7137	121.8300
551.6362	80.8043	121.2989
555.3064	80.8940	120.7663
559.0009	80.9827	120.2315
562.7201	81.0705	119.6914
566.4640	81.1573	119.1472
570.2328	81.2430	118.6021
574.0267	81.3277	118.0534
577.8458	81.4114	117.5008
581.6904	81.4938	116.9475
585.5605	81.5752	116.3949
589.4563	81.6556	115.8425
593.3781	81.7350	115.2859
597.3260	81.8131	114.7268
601.3001	81.8902	114.1708
605.3007	81.9662	113.6145
609.3279	82.0411	113.0590
613.3819	82.1150	112.5045
617.4629	82.1879	111.9477
621.5710	82.2596	111.3919
625.7064	82.3303	110.8406
629.8694	82.4000	110.2912
634.0601	82.4688	109.7408
638.2786	82.5364	109.1939
642.5252	82.6033	108.6493
646.8001	82.6691	108.1052
651.1034	82.7339	107.5657
655.4353	82.7980	107.0274
659.7961	82.8611	106.4890
664.1858	82.9231	105.9545
668.6048	82.9844	105.4255
673.0532	83.0448	104.8984
677.5312	83.1044	104.3732
682.0389	83.1631	103.8521
686.5767	83.2211	103.3333
691.1446	83.2782	102.8185
695.7430	83.3345	102.3086
700.3719	83.3902	101.8023
705.0316	83.4451	101.2986
709.7223	83.4993	100.7982
714.4443	83.5527	100.3030
719.1976	83.6055	99.8130
723.9826	83.6577	99.3267
728.7994	83.7092	98.8444
733.6483	83.7602	98.3671
738.5294	83.8106	97.8949
743.4430	83.8605	97.4274
748.3893	83.9098	96.9660
753.3685	83.9588	96.5104
758.3808	84.0073	96.0589
763.4265	84.0555	95.6111
768.5058	84.1032	95.1698
773.6188	84.1507	94.7345
778.7659	84.1979	94.3030
783.9472	84.2449	93.8769
789.1629	84.2916	93.4567
794.4134	84.3382	93.0409
799.6988	84.3846	92.6295
805.0194	84.4310	92.2245
810.3754	84.4773	91.8227
815.7670	84.5235	91.4245
821.1944	84.5697	91.0324
826.6580	84.6160	90.6424
832.1580	84.6622	90.2568
837.6945	84.7086	89.8757
843.2679	84.7550	89.4959
848.8783	84.8015	89.1198
854.5261	84.8482	88.7469
860.2114	84.8950	88.3755
865.9346	84.9419	88.0061
871.6959	84.9889	87.6394
877.4955	85.0361	87.2733
883.3336	85.0834	86.9075
889.2106	85.1309	86.5437
895.1268	85.1785	86.1795
901.0822	85.2262	85.8151
907.0773	85.2740	85.4515
913.1123	85.3219	85.0881
919.1875	85.3698	84.7247
925.3030	85.4179	84.3603
931.4593	85.4660	83.9949
937.6565	85.5141	83.6297
943.8949	85.5622	83.2642
950.1748	85.6104	82.8973
956.4966	85.6586	82.5286
962.8603	85.7068	82.1588
969.2665	85.7548	81.7887
975.7152	85.8029	81.4174
982.2069	85.8509	81.0441
988.7417	85.8989	80.6695
995.3200	85.9467	80.2944
1001.9420	85.9945	79.9174
1008.6080	86.0421	79.5380
1015.3190	86.0896	79.1582
1022.0740	86.1370	78.7760
1028.8740	86.1842	78.3914
1035.7190	86.2312	78.0053
1042.6100	86.2780	77.6174
1049.5470	86.3246	77.2276
1056.5300	86.3710	76.8349
1063.5590	86.4171	76.4394
1070.6350	86.4629	76.0422
1077.7580	86.5084	75.6424
1084.9290	86.5535	75.2401
1092.1470	86.5983	74.8356
1099.4130	86.6427	74.4284
1106.7280	86.6867	74.0184
1114.0910	86.7302	73.6063
1121.5040	86.7733	73.1920
1128.9650	86.8159	72.7745
1136.4770	86.8579	72.3552
1144.0380	86.8993	71.9339
1151.6490	86.9402	71.5100
1159.3120	86.9804	71.0853
1167.0250	87.0200	70.6587
1174.7890	87.0590	70.2301
1182.6050	87.0973	69.8007
1190.4730	87.1348	69.3701
1198.3940	87.1717	68.9390
1206.3670	87.2078	68.5075
1214.3930	87.2432	68.0754
1222.4730	87.2779	67.6439
1230.6060	87.3118	67.2125
1238.7940	87.3449	66.7815
1247.0360	87.3773	66.3515
1255.3330	87.4089	65.9228
1263.6850	87.4398	65.4958
1272.0920	87.4699	65.0710
1280.5560	87.4993	64.6487
1289.0750	87.5281	64.2279
1297.6520	87.5560	63.8099
1306.2860	87.5834	63.3955
1314.9770	87.6101	62.9836
1323.7250	87.6361	62.5749
1332.5320	87.6616	62.1694
1341.3980	87.6864	61.7673
1350.3230	87.7107	61.3689
1359.3070	87.7344	60.9740
1368.3500	87.7576	60.5826
1377.4540	87.7803	60.1951
1386.6190	87.8026	59.8114
1395.8440	87.8243	59.4316
1405.1310	87.8456	59.0557
1414.4800	87.8665	58.6837
1423.8910	87.8870	58.3154
1433.3640	87.9071	57.9508
1442.9010	87.9269	57.5899
1452.5010	87.9462	57.2332
1462.1640	87.9653	56.8803
1471.8920	87.9840	56.5313
1481.6850	88.0024	56.1862
1491.5430	88.0204	55.8454
1501.4670	88.0382	55.5087
1511.4560	88.0558	55.1763
1521.5130	88.0731	54.8484
1531.6350	88.0902	54.5250
1541.8260	88.1071	54.2056
1552.0840	88.1239	53.8907
1562.4100	88.1404	53.5804
1572.8050	88.1569	53.2745
1583.2700	88.1733	52.9732
1593.8030	88.1895	52.6763
1604.4070	88.2057	52.3842
1615.0820	88.2219	52.0968
1625.8270	88.2381	51.8140
1636.6440	88.2543	51.5356
1647.5330	88.2706	51.2619
1658.4950	88.2869	50.9928
1669.5290	88.3034	50.7285
1680.6370	88.3199	50.4688
1691.8180	88.3365	50.2138
1703.0740	88.3533	49.9643
1714.4050	88.3703	49.7207
1725.8120	88.3874	49.4832
1737.2940	88.4047	49.2137
1748.8520	88.4189	49.0706
1760.4880	88.4410	49.3221
1772.2010	88.4892	49.0524
1783.9920	88.5089	48.3473
1795.8610	88.5238	48.1990
1807.8090	88.5499	48.5109
1819.8370	88.6040	48.4451
1831.9450	88.6433	47.9532
1844.1330	88.6824	47.7239
1856.4030	88.7288	47.6896
1868.7540	88.7933	47.1107
1881.1870	88.8318	45.7382
1893.7030	88.8368	44.2688
1906.3020	88.8115	42.9190
1918.9850	88.7579	42.2610
1931.7520	88.7169	42.1360
1944.6050	88.6779	41.9794
1957.5430	88.6419	42.0368
1970.5670	88.6179	42.1515
1983.6770	88.5961	42.3827
1996.8750	88.5907	42.9266
2010.1610	88.6077	43.6653
2023.5350	88.6566	43.6860
2036.9980	88.6805	42.7252
2050.5500	88.6692	41.8972
2064.1930	88.6413	41.9921
2077.9270	88.6379	43.1376
2091.7520	88.6876	44.2488
2105.6690	88.7589	44.4623
2119.6780	88.8244	43.7561
2133.7810	88.8520	42.7890
2147.9770	88.8568	42.6349
2162.2680	88.8792	43.2810
2176.6540	88.9318	43.8478
2191.1360	88.9933	44.3081
2205.7140	89.0782	44.8386
2220.3890	89.1815	45.0646
2235.1620	89.2933	44.7840
2250.0330	89.3963	43.9361
2265.0030	89.4761	42.9013
2280.0720	89.5406	41.9546
2295.2420	89.5930	40.8457
2310.5130	89.6208	39.8199
2325.8850	89.6440	38.6425
2341.3600	89.6315	36.9410
2356.9380	89.5718	35.6913
2372.6190	89.4977	36.1938
2388.4040	89.4882	37.7361
2404.2950	89.5279	38.8084
2420.2910	89.5948	39.1769
2436.3940	89.6636	39.4084
2452.6040	89.7564	39.6931
2468.9220	89.8634	39.4977
2485.3480	89.9704	38.3418
2501.8830	90.0336	36.8428
2518.5290	90.0813	35.4526
2535.2850	90.0987	33.6475
2552.1530	90.0707	31.8497
2569.1330	90.0069	31.1982
2586.2260	89.9696	31.7548
2603.4330	89.9722	32.5892
2620.7540	90.0152	33.1393
2638.1910	90.0799	33.1207
2655.7430	90.1532	32.2602
2673.4120	90.2001	30.3297
2691.1990	90.1887	28.1873
2709.1040	90.1394	27.0901
2727.1290	90.1060	26.4946
2745.2730	90.0688	25.1740
2763.5380	89.9947	23.0114
2781.9240	89.8537	21.2639
2800.4330	89.6979	20.4456
2819.0650	89.5284	19.5487
2837.8210	89.3169	19.8973
2856.7010	89.1566	22.5894
2875.7080	89.1009	25.9289
2894.8400	89.1294	28.3869
2914.1000	89.1988	29.9843
2933.4880	89.3012	31.0260
2953.0060	89.4203	31.3331
2972.6530	89.5366	30.9082
2992.4300	89.6347	29.7249
3012.3400	89.6912	27.9200
3032.3810	89.6955	25.8673
3052.5560	89.6442	23.6557
3072.8660	89.5216	22.6460
3093.3100	89.4127	23.8972
3113.8910	89.3760	25.9695
3134.6080	89.3984	27.0514
3155.4630	89.4166	27.4586
3176.4570	89.4448	28.8506
3197.5910	89.5425	30.6632
3218.8650	89.6887	30.7805
3240.2810	89.7959	29.3578
3261.8390	89.8555	28.2504
3283.5410	89.9102	27.5069
3305.3870	89.9504	25.5326
3327.3790	89.8969	23.7194
3349.5160	89.8347	23.3559
3371.8020	89.7707	23.6865
3394.2350	89.7293	25.4839
3416.8180	89.7782	27.9424
3439.5500	89.8937	29.2999
3462.4340	90.0277	29.2945
3485.4710	90.1462	28.1629
3508.6600	90.2178	26.5999
3532.0040	90.2524	25.2124
3555.5030	90.2541	24.2023
3579.1590	90.2392	24.1685
3602.9720	90.2507	25.4306
3626.9430	90.3294	27.2064
3651.0740	90.4697	28.4535
3675.3660	90.6494	28.3249
3699.8190	90.8119	26.3028
3724.4340	90.8990	23.3457
3749.2140	90.9168	20.6304
3774.1580	90.8804	18.4166
3799.2680	90.8010	18.2016
3824.5460	90.7991	18.9988
3849.9910	90.8192	18.3808
3875.6060	90.8117	17.5082
3901.3910	90.8116	16.5222
3927.3480	90.7773	15.1541
3953.4780	90.7196	14.3487
3979.7810	90.6601	15.5535
4006.2600	90.7163	17.2502
4032.9140	90.8112	16.4662
4059.7460	90.8595	13.3833
4086.7560	90.8014	9.3395
4113.9460	90.6361	5.9793
4141.3170	90.4045	4.3668
4168.8700	90.1672	4.6879
4196.6070	89.9723	6.6297
4224.5280	89.8635	8.5735
4252.6350	89.7820	9.4952
4280.9280	89.7055	10.0135
4309.4100	89.6204	11.5329
4338.0820	89.6021	15.2231
4366.9440	89.7266	18.8635
4395.9980	89.9229	19.8169
4425.2460	90.0905	19.3225
4454.6880	90.2571	17.4272
4484.3260	90.3209	14.0421
4514.1610	90.2902	11.2082
4544.1950	90.1950	10.3749
4574.4280	90.1356	11.0109
4604.8630	90.1008	11.6678
4635.5000	90.0899	12.4118
4666.3410	90.1030	13.7134
4697.3870	90.1796	14.6988
4728.6400	90.2622	14.5739
4760.1010	90.3368	14.1503
4791.7710	90.4054	14.4266
4823.6520	90.5275	14.2147
4855.7440	90.6227	12.1068
4888.0510	90.6510	9.0072
4920.5720	90.5936	5.5995
4953.3100	90.4460	3.1242
4986.2650	90.2643	2.6188
5019.4400	90.1085	4.3589
5052.8350	90.0560	6.8202
5086.4530	90.0685	8.0539
5120.2940	90.0961	8.1821
5154.3610	90.1181	7.8965
5188.6540	90.1356	7.5595
5223.1750	90.1534	6.5497
5257.9260	90.1254	4.7372
5292.9080	90.0419	2.9460
5328.1230	89.9058	3.4907
5363.5720	89.8692	5.7608
5399.2570	89.8957	6.7369
5435.1800	89.9309	5.5585
5471.3410	89.8832	3.7319
5507.7430	89.8022	2.9019
5544.3870	89.7046	2.9763
5581.2750	89.6236	5.1180
5618.4090	89.6651	7.2183
5655.7890	89.7195	7.1870
5693.4190	89.7505	6.3920
5731.2980	89.7506	5.8222
5769.4300	89.7498	5.1628
5807.8150	89.7115	4.6709
5846.4560	89.6805	5.1837
5885.3530	89.6806	5.4656
5924.5100	89.6668	5.8900
5963.9270	89.6940	6.4407
6003.6060	89.7195	5.9352
6043.5500	89.7123	5.2644
6083.7590	89.6922	5.4479
6124.2350	89.6988	6.0691
6164.9810	89.7210	6.4169
6205.9980	89.7486	7.2015
6247.2880	89.8280	7.2018
6288.8530	89.8632	6.0238
6330.6940	89.8709	5.4095
6372.8130	89.8789	5.0687
6415.2130	89.8775	4.9069
6457.8950	89.8871	4.9318
6500.8610	89.8998	4.7229
6544.1120	89.9055	4.7909
6587.6520	89.9354	4.7854
6631.4810	89.9549	4.2001
6675.6020	89.9587	3.5422
6720.0160	89.9471	3.7404
6764.7260	89.9813	4.0087
6809.7330	90.0067	3.2804
6855.0390	90.0092	2.2645
6900.6470	89.9844	1.9194
6946.5590	89.9850	1.7378
6992.7760	89.9687	1.0582
7039.3000	89.9398	0.6944
7086.1350	89.9147	0.8854
7133.2800	89.9150	0.8372
7180.7390	89.9012	0.2054
7228.5140	89.8705	-0.4118
7276.6070	89.8235	0.2662
7325.0200	89.8504	1.1520
7373.7550	89.8771	0.4969
7422.8140	89.8710	-1.0399
7472.2000	89.8032	-1.3113
7521.9140	89.7910	-0.1754
7571.9590	89.8153	0.1769
7622.3370	89.8399	-0.7489
7673.0500	89.8148	-2.0761
7724.1010	89.7633	-2.5133
7775.4910	89.7232	-2.2515
7827.2230	89.7014	-2.0379
7879.2990	89.6830	-1.7420
7931.7220	89.6881	-1.6496
7984.4930	89.6833	-2.0109
8037.6160	89.6701	-1.8905
8091.0920	89.6836	-1.5017
8144.9240	89.7119	-2.2111
8199.1140	89.6925	-3.7971
8253.6640	89.6263	-4.5181
8308.5780	89.5701	-3.6135
8363.8570	89.5784	-2.8041
8419.5030	89.5875	-3.2605
8475.5200	89.5724	-3.8138
8531.9090	89.5562	-4.5993
8588.6740	89.4988	-5.0407
8645.8160	89.4612	-4.3535
8703.3390	89.4610	-4.0641
8761.2440	89.4508	-4.6712
8819.5350	89.4139	-4.9016
8878.2130	89.3946	-4.4016
8937.2820	89.4020	-4.7397
8996.7430	89.3666	-5.2918
9056.6010	89.3437	-5.4339
9116.8560	89.3071	-5.9083
9177.5130	89.2538	-5.1488
9238.5730	89.2741	-4.4441
9300.0390	89.2741	-5.0161
9361.9140	89.2579	-5.4398
9424.2010	89.2360	-5.8779
9486.9020	89.1956	-5.8604
9550.0210	89.1800	-5.5758
9613.5590	89.1632	-5.8083
9677.5200	89.1305	-5.0876
9741.9070	89.1662	-4.4913
9806.7220	89.1801	-5.2823
9871.9680	89.1663	-6.0550
9937.6490	89.1351	-6.2059
10003.7700	89.1195	-5.6212
10070.3200	89.1389	-5.4558
10137.3200	89.1464	-6.5557
10204.7700	89.1011	-7.3740
10272.6600	89.0663	-7.7157
10341.0100	89.0103	-8.0403
10409.8100	88.9600	-7.5059
10479.0700	88.9476	-7.4010
10548.7900	88.9080	-7.9780
10618.9700	88.8552	-7.8777
10689.6200	88.8212	-6.8431
10760.7400	88.8398	-6.6004
10832.3400	88.8207	-6.8775
10904.4100	88.8207	-6.8823
10976.9600	88.8081	-8.2244
11049.9900	88.7156	-8.1372
11123.5100	88.7113	-6.9934
11197.5100	88.7009	-7.3283
11272.0100	88.6701	-7.6867
11347.0100	88.6338	-7.8960
11422.5000	88.5856	-7.7459
11498.5000	88.5535	-7.1194
11575.0000	88.5402	-6.5327
11652.0100	88.5380	-5.9439
11729.5400	88.5570	-6.0095
11807.5800	88.5425	-6.4840
11886.1300	88.5197	-5.4681
11965.2100	88.5741	-5.4593
12044.8200	88.5483	-6.3068
12124.9600	88.5391	-5.7990
12205.6300	88.5504	-6.0809
12286.8400	88.5189	-6.4078
12368.5800	88.5031	-5.8920
12450.8700	88.5035	-5.4842
12533.7100	88.5100	-5.5734
12617.1000	88.4956	-5.0262
12701.0500	88.5345	-4.4664
12785.5500	88.5560	-5.0546
12870.6100	88.5497	-5.1610
12956.2400	88.5634	-4.8111
13042.4500	88.5832	-4.9866
13129.2200	88.5861	-5.5005
13216.5700	88.5714	-5.7000
13304.5000	88.5612	-5.4404
13393.0200	88.5640	-5.1755
13482.1300	88.5696	-5.0463
13571.8300	88.5776	-4.6341
13662.1200	88.6103	-4.6463
13753.0200	88.6164	-4.9707
13844.5200	88.6264	-4.7887
13936.6300	88.6485	-5.0760
14029.3600	88.6402	-5.2562
14122.7000	88.6522	-5.1530
14216.6600	88.6539	-5.5246
14311.2500	88.6386	-5.0283
14406.4600	88.6754	-4.5839
14502.3100	88.6913	-4.9313
14598.8000	88.7027	-4.8692
14695.9300	88.7249	-4.6342
14793.7000	88.7563	-4.6727
14892.1300	88.7814	-5.1582
14991.2100	88.7861	-5.8433
15090.9500	88.7699	-5.7237
15191.3500	88.7899	-5.3207
15292.4200	88.8088	-5.7591
15394.1700	88.8034	-6.5439
15496.5900	88.7698	-5.9514
15599.6900	88.8091	-5.0794
15703.4800	88.8396	-5.5419
15807.9600	88.8479	-6.1604
15913.1300	88.8380	-5.9997
16019.0000	88.8610	-5.3608
16125.5800	88.8993	-5.3076
16232.8700	88.9296	-5.8457
16340.8700	88.9347	-5.9128
16449.5900	88.9670	-5.4849
16559.0300	89.0115	-5.7167
16669.2000	89.0384	-6.7724
16780.1100	89.0193	-7.0235
16891.7500	89.0398	-6.3683
17004.1300	89.0786	-6.3808
17117.2700	89.1097	-7.1482
17231.1500	89.1073	-7.4882
17345.7900	89.1303	-7.5807
17461.2000	89.1384	-8.2470
17577.3700	89.1299	-8.7947
17694.3200	89.1141	-9.0218
17812.0400	89.1013	-8.8231
17930.5500	89.1085	-8.5908
18049.8500	89.1200	-9.0533
18169.9400	89.0995	-8.9378
18290.8200	89.1243	-8.5100
18412.5200	89.1391	-8.8869
18535.0200	89.1399	-9.0965
18658.3400	89.1412	-8.5325
18782.4800	89.1815	-7.7701
18907.4400	89.2354	-7.4739
19033.2300	89.2965	-7.2509
19159.8700	89.3707	-7.1361
19287.3400	89.4503	-7.5675
19415.6600	89.5096	-8.3091
19544.8400	89.5560	-8.5081
19674.8800	89.6244	-8.7413
19805.7800	89.6795	-9.3170
19937.5500	89.7341	-9.6734
20070.2000	89.7942	-9.9114
20203.7300	89.8665	-10.7572
20338.1500	89.9045	-11.8142
20473.4700	89.9431	-12.3747
20609.6800	89.9865	-13.3550
20746.8000	90.0010	-14.2254
20884.8300	90.0300	-14.8064
21023.7900	90.0529	-15.8274
21163.6600	90.0599	-16.9439
21304.4700	90.0558	-18.0430
21446.2100	90.0370	-18.9678
21588.9000	90.0178	-19.6041
21732.5300	90.0027	-20.3434
21877.1200	89.9775	-20.8617
22022.6800	89.9712	-21.1833
22169.2000	89.9693	-21.8666
22316.7000	89.9618	-22.7287
22465.1700	89.9488	-23.6242
22614.6400	89.9302	-24.5494
22765.1000	89.9055	-25.4840
22916.5600	89.8756	-26.3191
23069.0300	89.8482	-27.2631
23222.5100	89.8089	-28.3153
23377.0200	89.7655	-29.2366
23532.5500	89.7213	-30.4208
23689.1200	89.6544	-31.4345
23846.7300	89.5998	-32.1930
24005.3800	89.5420	-33.3684
24165.1000	89.4677	-34.5647
24325.8700	89.3915	-35.8812
24487.7200	89.2916	-37.3196
24650.6400	89.1813	-38.4289
24814.6500	89.0715	-39.8620
24979.7400	88.9264	-41.2198
25145.9400	88.7857	-42.1770
25313.2400	88.6370	-43.4783
25481.6600	88.4642	-44.3413
25651.1900	88.3138	-45.3939
25821.8500	88.1237	-46.8681
25993.6500	87.9220	-47.3907
26166.5900	87.7480	-48.5197
26340.6900	87.5146	-49.7016
26515.9400	87.3019	-50.1679
26692.3500	87.0796	-51.7383
26869.9400	86.7914	-52.4122
27048.7100	86.5529	-52.5007
27228.6800	86.2839	-53.4123
27409.8300	85.9963	-53.5037
27592.2000	85.7320	-53.7298
27775.7800	85.4310	-54.0943
27960.5700	85.1344	-53.7812
28146.6000	84.8414	-53.5715
28333.8700	84.5345	-53.2175
28522.3800	84.2306	-52.2849
28712.1400	83.9428	-51.0731
28903.1700	83.6667	-50.0255
29095.4700	83.3826	-48.2459
29289.0500	83.1523	-46.1469
29483.9200	82.9273	-44.4394
29680.0800	82.7179	-41.8608
29877.5500	82.5703	-39.1147
30076.3300	82.4460	-36.8920
30276.4300	82.3448	-34.7342
30477.8700	82.2645	-32.6509
30680.6500	82.2051	-31.0718
30884.7700	82.1325	-29.5099
31090.2500	82.0804	-27.3227
31297.1000	82.0604	-24.9831
31505.3300	82.0737	-23.1944
31714.9400	82.0837	-21.6975
31925.9500	82.1121	-20.0413
32138.3600	82.1561	-18.9160
32352.1800	82.1868	-18.1213
32567.4300	82.2155	-17.1447
32784.1100	82.2488	-16.1419
33002.2300	82.2859	-15.3360
33221.8000	82.3174	-14.6942
33442.8300	82.3445	-14.1383
33665.3300	82.3628	-13.6931
33889.3200	82.3699	-13.3636
34114.7900	82.3578	-12.5054
34341.7600	82.3684	-10.8405
34570.2500	82.4140	-9.0842
34800.2500	82.4886	-7.9659
35031.7800	82.5564	-7.3444
35264.8600	82.6236	-6.7085
35499.4800	82.6908	-6.1198
35735.6700	82.7579	-5.5676
35973.4300	82.8263	-5.1735
36212.7600	82.8864	-4.7595
36453.7000	82.9519	-4.1467
36696.2300	83.0270	-3.9635
36940.3800	83.0794	-3.7870
37186.1500	83.1444	-3.4079
37433.5600	83.2046	-3.4522
37682.6100	83.2489	-3.2402
37933.3200	83.3103	-3.0219
38185.7000	83.3598	-3.3240
38439.7600	83.3926	-3.7404
38695.5100	83.4086	-4.1877
38952.9600	83.4068	-4.5178
39212.1200	83.3959	-4.8300
39473.0100	83.3662	-5.3382
39735.6300	83.3085	-5.7425
40000.0000	83.2297	-5.2543