Freq	dB	Phase
200.0000	68.0653	-164.9137
201.3306	68.2030	-165.0784
202.6701	68.3407	-165.2441
204.0186	68.4784	-165.4110
205.3759	68.6160	-165.5789
206.7423	68.7537	-165.7479
208.1178	68.8914	-165.9179
209.5025	69.0291	-166.0890
210.8964	69.1668	-166.2612
212.2995	69.3045	-166.4345
213.7120	69.4422	-166.6088
215.1339	69.5798	-166.7841
216.5652	69.7175	-166.9604
218.0060	69.8552	-167.1376
219.4565	69.9929	-167.3158
220.9166	70.1306	-167.4947
222.3864	70.2683	-167.6744
223.8660	70.4060	-167.8546
225.3554	70.5436	-168.0352
226.8547	70.6813	-168.2157
228.3641	70.8190	-168.3957
229.8834	70.9567	-168.5741
231.4129	71.0944	-168.7482
232.9525	71.2321	-168.8312
234.5024	71.3763	-168.9151
236.0626	71.5207	-169.0950
237.6332	71.6655	-169.3290
239.2142	71.8075	-169.5757
240.8057	71.9496	-169.7902
242.4079	72.0917	-170.0139
244.0207	72.2334	-170.2422
245.6442	72.3753	-170.4724
247.2785	72.5170	-170.7261
248.9237	72.6576	-170.9984
250.5799	72.7972	-171.2687
252.2470	72.9360	-171.5363
253.9253	73.0743	-171.7998
255.6147	73.2124	-172.0638
257.3154	73.3500	-172.3339
259.0273	73.4872	-172.6138
260.7507	73.6236	-172.9047
262.4855	73.7590	-173.2055
264.2319	73.8932	-173.5131
265.9899	74.0262	-173.8187
267.7596	74.1581	-174.1233
269.5411	74.2889	-174.4341
271.3344	74.4183	-174.7455
273.1396	74.5464	-175.0487
274.9569	74.6735	-175.3494
276.7862	74.7993	-175.6447
278.6277	74.9241	-175.9234
280.4815	75.0483	-176.1886
282.3476	75.1721	-176.4435
284.2261	75.2955	-176.6856
286.1172	75.4188	-176.9144
288.0208	75.5423	-177.1311
289.9370	75.6660	-177.3385
291.8660	75.7901	-177.5384
293.8079	75.9145	-177.7292
295.7627	76.0394	-177.9074
297.7304	76.1652	-178.0733
299.7113	76.2920	-178.2338
301.7054	76.4196	-178.3893
303.7127	76.5483	-178.5340
305.7333	76.6784	-178.6727
307.7674	76.8098	-178.8096
309.8151	76.9426	-178.9448
311.8764	77.0769	-179.0844
313.9513	77.2123	-179.2273
316.0401	77.3490	-179.3728
318.1428	77.4870	-179.5253
320.2595	77.6261	-179.6836
322.3902	77.7663	-179.8504
324.5352	77.9074	179.9683
326.6944	78.0492	179.7739
328.8679	78.1915	179.5680
331.0560	78.3341	179.3526
333.2586	78.4771	179.1234
335.4758	78.6201	178.8742
337.7078	78.7627	178.6076
339.9546	78.9046	178.3276
342.2164	79.0456	178.0410
344.4933	79.1859	177.7516
346.7853	79.3255	177.4561
349.0925	79.4641	177.1556
351.4151	79.6019	176.8538
353.7531	79.7387	176.5517
356.1067	79.8747	176.2536
358.4760	80.0099	175.9636
360.8610	80.1448	175.6814
363.2619	80.2792	175.4071
365.6788	80.4135	175.1407
368.1117	80.5478	174.8847
370.5608	80.6823	174.6404
373.0263	80.8173	174.4059
375.5081	80.9529	174.1820
378.0064	81.0893	173.9671
380.5214	81.2267	173.7630
383.0531	81.3655	173.5728
385.6016	81.5060	173.3918
388.1671	81.6484	173.2139
390.7497	81.7928	173.0348
393.3494	81.9391	172.8502
395.9665	82.0873	172.6550
398.6009	82.2371	172.4485
401.2529	82.3885	172.2299
403.9225	82.5413	171.9954
406.6099	82.6953	171.7421
409.3152	82.8502	171.4684
412.0384	83.0057	171.1755
414.7798	83.1615	170.8633
417.5394	83.3175	170.5317
420.3174	83.4735	170.1805
423.1139	83.6290	169.8102
425.9289	83.7840	169.4226
428.7627	83.9382	169.0189
431.6154	84.0915	168.6020
434.4870	84.2437	168.1749
437.3778	84.3948	167.7379
440.2877	84.5447	167.2930
443.2171	84.6933	166.8456
446.1659	84.8407	166.3996
449.1343	84.9872	165.9576
452.1225	85.1328	165.5223
455.1306	85.2779	165.0948
458.1587	85.4227	164.6743
461.2069	85.5673	164.2622
464.2754	85.7121	163.8575
467.3643	85.8572	163.4593
470.4738	86.0027	163.0676
473.6040	86.1489	162.6826
476.7550	86.2960	162.3045
479.9269	86.4441	161.9333
483.1200	86.5936	161.5671
486.3343	86.7447	161.2024
489.5700	86.8973	160.8370
492.8272	87.0517	160.4682
496.1061	87.2078	160.0935
499.4068	87.3658	159.7103
502.7295	87.5255	159.3175
506.0742	87.6870	158.9114
509.4413	87.8501	158.4867
512.8307	88.0148	158.0419
516.2427	88.1807	157.5749
519.6773	88.3476	157.0830
523.1349	88.5154	156.5666
526.6154	88.6837	156.0280
530.1191	88.8525	155.4672
533.6461	89.0217	154.8817
537.1965	89.1910	154.2707
540.7706	89.3604	153.6333
544.3685	89.5295	152.9675
547.9903	89.6982	152.2714
551.6362	89.8662	151.5446
555.3064	90.0330	150.7870
559.0009	90.1986	149.9983
562.7201	90.3624	149.1789
566.4640	90.5243	148.3284
570.2328	90.6838	147.4475
574.0267	90.8407	146.5391
577.8458	90.9946	145.6081
581.6904	91.1455	144.6607
585.5605	91.2933	143.6998
589.4563	91.4381	142.7281
593.3781	91.5799	141.7482
597.3260	91.7188	140.7606
601.3001	91.8547	139.7664
605.3007	91.9879	138.7677
609.3279	92.1183	137.7674
613.3819	92.2461	136.7672
617.4629	92.3716	135.7668
621.5710	92.4947	134.7665
625.7064	92.6158	133.7664
629.8694	92.7349	132.7629
634.0601	92.8520	131.7532
638.2786	92.9669	130.7361
642.5252	93.0797	129.7111
646.8001	93.1901	128.6795
651.1034	93.2981	127.6447
655.4353	93.4039	126.6089
659.7961	93.5073	125.5729
664.1858	93.6086	124.5367
668.6048	93.7078	123.5000
673.0532	93.8050	122.4622
677.5312	93.9001	121.4232
682.0389	93.9932	120.3829
686.5767	94.0842	119.3410
691.1446	94.1733	118.2968
695.7430	94.2603	117.2484
700.3719	94.3453	116.1944
705.0316	94.4279	115.1343
709.7223	94.5082	114.0678
714.4443	94.5858	112.9945
719.1976	94.6607	111.9167
723.9826	94.7326	110.8401
728.7994	94.8018	109.7694
733.6483	94.8682	108.7085
738.5294	94.9322	107.6604
743.4430	94.9941	106.6247
748.3893	95.0539	105.5991
753.3685	95.1119	104.5814
758.3808	95.1680	103.5710
763.4265	95.2224	102.5685
768.5058	95.2750	101.5741
773.6188	95.3260	100.5882
778.7659	95.3755	99.6101
783.9472	95.4234	98.6382
789.1629	95.4697	97.6726
794.4134	95.5145	96.7145
799.6988	95.5577	95.7660
805.0194	95.5996	94.8309
810.3754	95.6403	93.9108
815.7670	95.6801	93.0046
821.1944	95.7191	92.1115
826.6580	95.7576	91.2308
832.1580	95.7956	90.3618
837.6945	95.8334	89.5047
843.2679	95.8712	88.6587
848.8783	95.9092	87.8209
854.5261	95.9475	86.9870
860.2114	95.9862	86.1515
865.9346	96.0251	85.3078
871.6959	96.0639	84.4497
877.4955	96.1022	83.5738
883.3336	96.1396	82.6782
889.2106	96.1756	81.7630
895.1268	96.2097	80.8319
901.0822	96.2417	79.8911
907.0773	96.2714	78.9463
913.1123	96.2988	78.0020
919.1875	96.3241	77.0585
925.3030	96.3472	76.1150
931.4593	96.3681	75.1715
937.6565	96.3868	74.2275
943.8949	96.4030	73.2825
950.1748	96.4168	72.3374
956.4966	96.4280	71.3931
962.8603	96.4365	70.4512
969.2665	96.4420	69.5159
975.7152	96.4448	68.5923
982.2069	96.4447	67.6867
988.7417	96.4423	66.8080
995.3200	96.4379	65.9617
1001.9420	96.4323	65.1483
1008.6080	96.4260	64.3645
1015.3190	96.4194	63.6067
1022.0740	96.4128	62.8701
1028.8740	96.4064	62.1482
1035.7190	96.4004	61.4361
1042.6100	96.3946	60.7295
1049.5470	96.3889	60.0257
1056.5300	96.3832	59.3230
1063.5590	96.3773	58.6198
1070.6350	96.3710	57.9182
1077.7580	96.3644	57.2220
1084.9290	96.3575	56.5330
1092.1470	96.3505	55.8488
1099.4130	96.3433	55.1613
1106.7280	96.3358	54.4642
1114.0910	96.3274	53.7550
1121.5040	96.3178	53.0342
1128.9650	96.3067	52.3012
1136.4770	96.2935	51.5543
1144.0380	96.2778	50.7972
1151.6490	96.2592	50.0447
1159.3120	96.2379	49.3123
1167.0250	96.2146	48.6031
1174.7890	96.1896	47.9102
1182.6050	96.1630	47.2272
1190.4730	96.1346	46.5537
1198.3940	96.1046	45.8892
1206.3670	96.0726	45.2310
1214.3930	96.0385	44.5798
1222.4730	96.0021	43.9440
1230.6060	95.9635	43.3324
1238.7940	95.9231	42.7475
1247.0360	95.8810	42.1925
1255.3330	95.8375	41.6795
1263.6850	95.7935	41.2199
1272.0920	95.7501	40.8123
1280.5560	95.7080	40.4429
1289.0750	95.6676	40.1002
1297.6520	95.6289	39.7817
1306.2860	95.5922	39.4860
1314.9770	95.5577	39.2009
1323.7250	95.5249	38.9142
1332.5320	95.4934	38.6286
1341.3980	95.4629	38.3573
1350.3230	95.4339	38.1012
1359.3070	95.4062	37.8527
1368.3500	95.3798	37.6149
1377.4540	95.3547	37.4048
1386.6190	95.3320	37.2322
1395.8440	95.3126	37.0797
1405.1310	95.2965	36.9242
1414.4800	95.2832	36.7532
1423.8910	95.2722	36.5631
1433.3640	95.2629	36.3507
1442.9010	95.2546	36.1135
1452.5010	95.2467	35.8566
1462.1640	95.2390	35.5873
1471.8920	95.2311	35.3078
1481.6850	95.2228	35.0195
1491.5430	95.2139	34.7303
1501.4670	95.2045	34.4475
1511.4560	95.1949	34.1718
1521.5130	95.1852	33.9007
1531.6350	95.1755	33.6257
1541.8260	95.1651	33.3471
1552.0840	95.1542	33.0747
1562.4100	95.1428	32.8168
1572.8050	95.1314	32.5655
1583.2700	95.1194	32.3176
1593.8030	95.1071	32.0871
1604.4070	95.0948	31.8852
1615.0820	95.0832	31.7194
1625.8270	95.0732	31.5885
1636.6440	95.0657	31.4782
1647.5330	95.0605	31.3733
1658.4950	95.0575	31.2674
1669.5290	95.0565	31.1618
1680.6370	95.0577	31.0575
1691.8180	95.0608	30.9450
1703.0740	95.0654	30.8201
1714.4050	95.0712	30.6990
1725.8120	95.0788	30.5955
1737.2940	95.0888	30.4963
1748.8520	95.1012	30.3813
1760.4880	95.1152	30.2456
1772.2010	95.1306	30.0938
1783.9920	95.1470	29.9284
1795.8610	95.1645	29.7496
1807.8090	95.1827	29.5540
1819.8370	95.2014	29.3442
1831.9450	95.2204	29.1281
1844.1330	95.2400	28.8987
1856.4030	95.2597	28.6479
1868.7540	95.2791	28.3883
1881.1870	95.2985	28.1267
1893.7030	95.3181	27.8521
1906.3020	95.3373	27.5561
1918.9850	95.3557	27.2510
1931.7520	95.3736	26.9482
1944.6050	95.3913	26.6427
1957.5430	95.4090	26.3142
1970.5670	95.4253	25.9496
1983.6770	95.4395	25.5594
1996.8750	95.4510	25.1669
2010.1610	95.4603	24.7973
2023.5350	95.4684	24.4644
2036.9980	95.4764	24.1606
2050.5500	95.4847	23.8703
2064.1930	95.4937	23.5843
2077.9270	95.5031	23.2953
2091.7520	95.5129	22.9904
2105.6690	95.5221	22.6636
2119.6780	95.5302	22.3235
2133.7810	95.5366	21.9821
2147.9770	95.5414	21.6572
2162.2680	95.5450	21.3694
2176.6540	95.5481	21.1418
2191.1360	95.5516	21.5988
2205.7140	95.6036	21.9473
2220.3890	95.6505	21.4955
2235.1620	95.6936	20.7782
2250.0330	95.7196	19.5874
2265.0030	95.7109	18.5445
2280.0720	95.6954	18.1489
2295.2420	95.6889	17.9350
2310.5130	95.6850	17.6500
2325.8850	95.6827	17.3344
2341.3600	95.6796	16.9741
2356.9380	95.6738	16.5002
2372.6190	95.6562	16.3376
2388.4040	95.6537	16.9906
2404.2950	95.6945	18.1171
2420.2910	95.7859	18.4783
2436.3940	95.8735	17.6593
2452.6040	95.9391	16.4364
2468.9220	95.9844	15.0943
2485.3480	96.0090	13.1074
2501.8830	95.9718	10.8647
2518.5290	95.8942	9.4193
2535.2850	95.8047	8.8332
2552.1530	95.7244	8.9036
2569.1330	95.6669	9.5812
2586.2260	95.6543	10.2857
2603.4330	95.6648	10.3174
2620.7540	95.6750	9.9646
2638.1910	95.6878	9.1879
2655.7430	95.6767	7.9780
2673.4120	95.6411	6.8079
2691.1990	95.5851	6.2796
2709.1040	95.5493	6.0263
2727.1290	95.5120	5.2150
2745.2730	95.4556	3.9732
2763.5380	95.3683	2.2561
2781.9240	95.2238	1.1328
2800.4330	95.0810	1.2609
2819.0650	94.9571	1.8087
2837.8210	94.8496	2.8901
2856.7010	94.7871	4.6100
2875.7080	94.7805	6.2753
2894.8400	94.8154	7.4007
2914.1000	94.8757	7.6968
2933.4880	94.9321	6.8827
2953.0060	94.9491	5.2600
2972.6530	94.9159	3.4300
2992.4300	94.8333	1.3573
3012.3400	94.6761	0.3990
3032.3810	94.5335	1.5029
3052.5560	94.4448	3.6902
3072.8660	94.4336	5.2750
3093.3100	94.4270	5.9065
3113.8910	94.4294	6.7263
3134.6080	94.4523	7.9090
3155.4630	94.5124	9.3028
3176.4570	94.6146	9.8018
3197.5910	94.7001	9.1654
3218.8650	94.7576	8.6565
3240.2810	94.8187	7.9244
3261.8390	94.8428	6.7058
3283.5410	94.8394	5.5838
3305.3870	94.8069	4.1755
3327.3790	94.7198	3.2764
3349.5160	94.6270	3.9607
3371.8020	94.5757	5.8467
3394.2350	94.5877	8.0934
3416.8180	94.6558	11.3156
3439.5500	94.8607	13.8407
3462.4340	95.0902	13.1806
3485.4710	95.2559	9.4586
3508.6600	95.2479	6.5610
3532.0040	95.2401	6.9498
3555.5030	95.2866	8.2529
3579.1590	95.3896	8.6351
3602.9720	95.4813	8.1575
3626.9430	95.5754	7.5959
3651.0740	95.6623	6.6251
3675.3660	95.7307	5.1488
3699.8190	95.7626	3.0483
3724.4340	95.7316	1.7414
3749.2140	95.7156	2.2064
3774.1580	95.7584	2.5558
3799.2680	95.8054	1.9089
3824.5460	95.8442	0.7031
3849.9910	95.8549	-0.9843
3875.6060	95.8268	-2.6888
3901.3910	95.7677	-3.5939
3927.3480	95.7213	-3.7419
3953.4780	95.6908	-3.7650
3979.7810	95.6757	-3.0772
4006.2600	95.7299	-3.0972
4032.9140	95.7575	-5.0386
4059.7460	95.7278	-7.6658
4086.7560	95.6312	-10.2024
4113.9460	95.4815	-11.4917
4141.3170	95.3453	-12.1257
4168.8700	95.1903	-13.5672
4196.6070	94.9729	-14.2200
4224.5280	94.7707	-11.7192
4252.6350	94.7109	-8.0108
4280.9280	94.7405	-6.2192
4309.4100	94.7762	-5.7426
4338.0820	94.8196	-5.5354
4366.9440	94.8643	-5.8978
4395.9980	94.8873	-7.1048
4425.2460	94.8568	-7.4573
4454.6880	94.8703	-7.5989
4484.3260	94.8467	-8.8058
4514.1610	94.7882	-9.5900
4544.1950	94.7184	-9.3589
4574.4280	94.6768	-8.0628
4604.8630	94.6921	-6.6156
4635.5000	94.7448	-5.9556
4666.3410	94.8041	-6.5684
4697.3870	94.8178	-7.8570
4728.6400	94.7925	-8.1058
4760.1010	94.7915	-5.9115
4791.7710	94.9253	-3.9245
4823.6520	95.0770	-4.7070
4855.7440	95.1840	-7.2077
4888.0510	95.2093	-11.0173
4920.5720	95.1049	-13.4328
4953.3100	95.0145	-13.8754
4986.2650	94.9220	-14.0608
5019.4400	94.8443	-13.0473
5052.8350	94.8425	-12.4323
5086.4530	94.8240	-13.1352
5120.2940	94.7870	-13.6006
5154.3610	94.7514	-13.1372
5188.6540	94.7643	-12.6697
5223.1750	94.7820	-13.4269
5257.9260	94.7662	-14.8639
5292.9080	94.7119	-16.0422
5328.1230	94.6430	-16.5661
5363.5720	94.5784	-16.6169
5399.2570	94.5287	-16.7267
5435.1800	94.4777	-18.0958
5471.3410	94.3461	-18.6461
5507.7430	94.2652	-17.5418
5544.3870	94.2144	-16.7906
5581.2750	94.1809	-15.8596
5618.4090	94.1918	-15.4202
5655.7890	94.1900	-16.0727
5693.4190	94.1599	-16.9558
5731.2980	94.1041	-17.3186
5769.4300	94.0569	-17.5676
5807.8150	93.9871	-17.5164
5846.4560	93.9412	-16.5142
5885.3530	93.9382	-16.1621
5924.5100	93.9105	-16.4205
5963.9270	93.8818	-16.1244
6003.6060	93.8682	-15.5132
6043.5500	93.8752	-15.1572
6083.7590	93.8789	-14.8181
6124.2350	93.9048	-14.7008
6164.9810	93.9150	-15.3658
6205.9980	93.8903	-14.2992
6247.2880	93.9787	-13.7003
6288.8530	94.0035	-15.3079
6330.6940	93.9869	-16.0635
6372.8130	93.9726	-16.2744
6415.2130	93.9525	-16.2764
6457.8950	93.9450	-15.8348
6500.8610	93.9613	-15.1896
6544.1120	94.0071	-15.8355
6587.6520	93.9863	-16.5226
6631.4810	93.9947	-16.1803
6675.6020	94.0128	-16.6651
6720.0160	93.9993	-16.8591
6764.7260	94.0185	-16.5987
6809.7330	94.0424	-17.2630
6855.0390	94.0369	-18.9129
6900.6470	93.9679	-20.2275
6946.5590	93.8895	-20.0709
6992.7760	93.8450	-19.3268
7039.3000	93.8253	-18.9708
7086.1350	93.8080	-19.3038
7133.2800	93.7634	-18.7403
7180.7390	93.7853	-17.4830
7228.5140	93.8338	-18.1344
7276.6070	93.8164	-19.6135
7325.0200	93.7709	-20.3049
7373.7550	93.7149	-20.3923
7422.8140	93.6659	-19.9786
7472.2000	93.6322	-18.2728
7521.9140	93.6947	-17.0738
7571.9590	93.7388	-17.7267
7622.3370	93.7517	-17.9584
7673.0500	93.7852	-18.3197
7724.1010	93.7815	-19.2258
7775.4910	93.7584	-19.5242
7827.2230	93.7383	-19.1015
7879.2990	93.7439	-17.8681
7931.7220	93.8079	-16.9448
7984.4930	93.8780	-17.0312
8037.6160	93.9411	-17.0076
8091.0920	94.0307	-18.0834
8144.9240	94.0441	-20.1652
8199.1140	94.0166	-21.3322
8253.6640	93.9775	-21.7032
8308.5780	93.9461	-21.1867
8363.8570	93.9601	-20.4391
8419.5030	93.9968	-20.4117
8475.5200	94.0319	-21.2271
8531.9090	94.0375	-22.9916
8588.6740	93.9770	-24.2202
8645.8160	93.9236	-24.0312
8703.3390	93.9014	-24.1380
8761.2440	93.8594	-24.7326
8819.5350	93.8101	-24.7526
8878.2130	93.7804	-24.3694
8937.2820	93.7714	-24.6183
8996.7430	93.7376	-25.6698
9056.6010	93.6674	-26.5205
9116.8560	93.5834	-26.6115
9177.5130	93.5089	-25.6118
9238.5730	93.4912	-24.5993
9300.0390	93.4804	-24.6257
9361.9140	93.4517	-25.0263
9424.2010	93.4027	-24.5981
9486.9020	93.3930	-23.7103
9550.0210	93.3931	-23.3372
9613.5590	93.3938	-23.1120
9677.5200	93.3935	-22.7351
9741.9070	93.4031	-21.8175
9806.7220	93.4501	-20.9642
9871.9680	93.5038	-20.8917
9937.6490	93.5407	-20.4261
10003.7700	93.6168	-19.5899
10070.3200	93.7088	-19.8951
10137.3200	93.7646	-21.4561
10204.7700	93.7484	-21.6325
10272.6600	93.7936	-20.2441
10341.0100	93.8756	-19.4751
10409.8100	93.9740	-19.2846
10479.0700	94.0759	-20.2170
10548.7900	94.1205	-20.9829
10618.9700	94.1847	-20.8179
10689.6200	94.2613	-21.1419
10760.7400	94.3229	-21.4086
10832.3400	94.4051	-21.8103
10904.4100	94.4678	-22.8821
10976.9600	94.5066	-24.0225
11049.9900	94.5217	-24.0548
11123.5100	94.5935	-24.2440
11197.5100	94.6318	-25.6192
11272.0100	94.6433	-26.2725
11347.0100	94.6780	-27.5858
11422.5000	94.6366	-28.9245
11498.5000	94.6116	-28.6208
11575.0000	94.6241	-27.9578
11652.0100	94.6769	-28.6469
11729.5400	94.6729	-30.1538
11807.5800	94.6545	-30.9876
11886.1300	94.6295	-31.8693
11965.2100	94.5824	-32.4402
12044.8200	94.5463	-32.6380
12124.9600	94.5099	-32.8188
12205.6300	94.4803	-32.4755
12286.8400	94.4869	-32.7551
12368.5800	94.4543	-33.4425
12450.8700	94.4275	-33.3278
12533.7100	94.4185	-33.1206
12617.1000	94.4209	-33.5695
12701.0500	94.3939	-34.2140
12785.5500	94.3637	-34.3487
12870.6100	94.3387	-34.4826
12956.2400	94.3051	-34.0876
13042.4500	94.3114	-33.6993
13129.2200	94.3069	-34.1026
13216.5700	94.2824	-34.1576
13304.5000	94.2676	-32.8388
13393.0200	94.3281	-31.5945
13482.1300	94.3929	-31.7291
13571.8300	94.4366	-31.7409
13662.1200	94.4988	-31.4993
13753.0200	94.5609	-31.3250
13844.5200	94.6386	-31.0394
13936.6300	94.7288	-31.5635
14029.3600	94.7793	-31.9007
14122.7000	94.8586	-31.5436
14216.6600	94.9506	-31.6636
14311.2500	95.0398	-32.1908
14406.4600	95.1172	-32.8497
14502.3100	95.1855	-33.2483
14598.8000	95.2623	-33.3370
14695.9300	95.3541	-33.7485
14793.7000	95.4334	-34.2185
14892.1300	95.5274	-34.6265
14991.2100	95.6188	-35.5511
15090.9500	95.6927	-36.7559
15191.3500	95.7481	-37.8265
15292.4200	95.7982	-38.7600
15394.1700	95.8400	-39.7386
15496.5900	95.8721	-40.4164
15599.6900	95.9168	-40.8285
15703.4800	95.9714	-41.6284
15807.9600	96.0124	-42.9802
15913.1300	96.0244	-43.6306
16019.0000	96.0747	-44.0443
16125.5800	96.1141	-45.2461
16232.8700	96.1366	-46.5111
16340.8700	96.1456	-47.1640
16449.5900	96.1830	-47.9274
16559.0300	96.2005	-49.3465
16669.2000	96.2008	-50.5755
16780.1100	96.1964	-51.1910
16891.7500	96.2213	-52.3853
17004.1300	96.2024	-54.3991
17117.2700	96.1553	-55.6897
17231.1500	96.1176	-56.7015
17345.7900	96.0710	-58.4013
17461.2000	95.9829	-60.2476
17577.3700	95.8723	-61.2256
17694.3200	95.7783	-62.3672
17812.0400	95.6428	-63.7724
17930.5500	95.4963	-64.3459
18049.8500	95.3585	-64.1861
18169.9400	95.2531	-64.6922
18290.8200	95.0992	-65.2321
18412.5200	94.9657	-64.5833
18535.0200	94.8601	-64.0119
18658.3400	94.7588	-63.5007
18782.4800	94.6727	-62.6046
18907.4400	94.6115	-61.5008
19033.2300	94.5742	-60.4502
19159.8700	94.5529	-59.4197
19287.3400	94.5498	-58.2485
19415.6600	94.5684	-56.7862
19544.8400	94.6214	-54.7817
19674.8800	94.7331	-52.9386
19805.7800	94.8680	-51.1907
19937.5500	95.0596	-49.2838
20070.2000	95.2965	-48.5149
20203.7300	95.5203	-48.0134
20338.1500	95.7853	-47.3938
20473.4700	96.0622	-47.6430
20609.6800	96.3337	-48.5188
20746.8000	96.5879	-49.0046
20884.8300	96.8818	-49.9556
21023.7900	97.1415	-52.2967
21163.6600	97.3553	-53.8806
21304.4700	97.6060	-56.0206
21446.2100	97.7827	-58.9752
21588.9000	97.9475	-60.9697
21732.5300	98.1192	-63.6841
21877.1200	98.2355	-66.9437
22022.6800	98.3286	-70.0627
22169.2000	98.3849	-73.5718
22316.7000	98.3949	-77.2818
22465.1700	98.3558	-80.7650
22614.6400	98.2856	-84.0889
22765.1000	98.1733	-87.4460
22916.5600	98.0191	-90.1391
23069.0300	97.8607	-92.2403
23222.5100	97.6921	-94.4180
23377.0200	97.5031	-96.6382
23532.5500	97.2908	-98.4311
23689.1200	97.0784	-100.1614
23846.7300	96.8339	-101.6180
24005.3800	96.5937	-102.0032
24165.1000	96.3840	-102.2848
24325.8700	96.1708	-102.2418
24487.7200	96.0005	-102.0028
24650.6400	95.8329	-102.6024
24814.6500	95.6377	-102.1134
24979.7400	95.5157	-101.0754
25145.9400	95.3972	-100.6263
25313.2400	95.3020	-99.5019
25481.6600	95.2570	-98.7283
25651.1900	95.2084	-98.3257
25821.8500	95.1832	-97.5802
25993.6500	95.1801	-96.9479
26166.5900	95.1925	-96.3292
26340.6900	95.2278	-95.7639
26515.9400	95.2770	-95.2405
26692.3500	95.3486	-94.4960
26869.9400	95.4547	-93.9000
27048.7100	95.5792	-93.6302
27228.6800	95.7242	-93.7118
27409.8300	95.8749	-94.4097
27592.2000	96.0149	-95.6975
27775.7800	96.1297	-97.0509
27960.5700	96.2378	-98.1341
28146.6000	96.3462	-99.1306
28333.8700	96.4596	-100.4467
28522.3800	96.5564	-102.0288
28712.1400	96.6454	-103.5743
28903.1700	96.7262	-105.2631
29095.4700	96.7933	-106.9950
29289.0500	96.8528	-108.6057
29483.9200	96.9113	-110.3009
29680.0800	96.9604	-112.4006
29877.5500	96.9836	-114.6187
30076.3300	96.9926	-116.8504
30276.4300	96.9764	-119.2190
30477.8700	96.9352	-121.4958
30680.6500	96.8711	-123.2000
30884.7700	96.8167	-124.4717
31090.2500	96.7633	-125.7288
31297.1000	96.7134	-126.7151
31505.3300	96.6782	-127.3771
31714.9400	96.6655	-127.8983
31925.9500	96.6752	-128.4417
32138.3600	96.7064	-129.0503
32352.1800	96.7592	-129.9154
32567.4300	96.8214	-131.0032
32784.1100	96.8974	-132.1799
33002.2300	96.9868	-133.5862
33221.8000	97.0866	-135.6167
33442.8300	97.1700	-138.2839
33665.3300	97.2347	-141.2301
33889.3200	97.2804	-144.4428
34114.7900	97.3090	-150.7976
34341.7600	97.1023	-156.8868
34570.2500	96.8956	-159.5299
34800.2500	96.6889	-161.8865
35031.7800	96.4822	-164.0620
35264.8600	96.2755	-166.1046
35499.4800	96.0688	-168.0422
35735.6700	95.8621	-169.8932
35973.4300	95.6554	-171.6705
36212.7600	95.4487	-173.3838
36453.7000	95.2420	-175.0405
36696.2300	95.0353	-176.6467
36940.3800	94.8286	-178.2070
37186.1500	94.6219	-179.7255
37433.5600	94.4152	178.7944
37682.6100	94.2085	177.3498
37933.3200	94.0018	175.9382
38185.7000	93.7951	174.5576
38439.7600	93.5884	173.2059
38695.5100	93.3817	171.8815
38952.9600	93.1750	170.5829
39212.1200	92.9683	169.3087
39473.0100	92.7616	168.0576
39735.6300	92.5549	166.8287
40000.0000	92.3482	165.6209