Freq	Ohm	Deg
20.0000	5.8942	13.7758
20.1912	5.8992	13.9744
20.3842	5.9056	14.1684
20.5790	5.9110	14.3588
20.7757	5.9177	14.5549
20.9743	5.9240	14.7413
21.1748	5.9308	14.9513
21.3772	5.9392	15.1682
21.5815	5.9490	15.3437
21.7878	5.9573	15.5080
21.9960	5.9666	15.6733
22.2063	5.9750	15.8035
22.4185	5.9816	15.9427
22.6328	5.9880	16.1179
22.8492	5.9953	16.3067
23.0676	6.0030	16.4934
23.2881	6.0112	16.6834
23.5107	6.0200	16.8739
23.7354	6.0292	17.0570
23.9622	6.0386	17.2239
24.1913	6.0472	17.3901
24.4225	6.0559	17.5723
24.6560	6.0650	17.7488
24.8916	6.0734	17.9302
25.1296	6.0823	18.1379
25.3698	6.0924	18.3540
25.6123	6.1034	18.5587
25.8571	6.1146	18.7679
26.1042	6.1273	18.9728
26.3537	6.1402	19.1460
26.6056	6.1522	19.3044
26.8599	6.1635	19.4771
27.1167	6.1752	19.6494
27.3759	6.1859	19.8093
27.6375	6.1958	19.9929
27.9017	6.2063	20.2081
28.1684	6.2182	20.4177
28.4377	6.2299	20.6217
28.7095	6.2422	20.8483
28.9839	6.2562	21.0668
29.2609	6.2702	21.2505
29.5406	6.2829	21.4331
29.8230	6.2956	21.6317
30.1080	6.3083	21.8299
30.3958	6.3205	22.0481
30.6864	6.3338	22.2923
30.9797	6.3484	22.5338
31.2758	6.3637	22.7713
31.5747	6.3798	23.0023
31.8765	6.3962	23.2059
32.1812	6.4112	23.4024
32.4888	6.4256	23.6299
32.7994	6.4409	23.8710
33.1129	6.4561	24.1189
33.4294	6.4721	24.3997
33.7489	6.4903	24.7069
34.0715	6.5113	24.9898
34.3972	6.5323	25.2502
34.7260	6.5543	25.5157
35.0579	6.5774	25.7581
35.3930	6.6000	25.9677
35.7313	6.6209	26.1834
36.0728	6.6418	26.4170
36.4176	6.6624	26.6528
36.7657	6.6824	26.9169
37.1171	6.7040	27.2154
37.4719	6.7275	27.5225
37.8301	6.7526	27.8275
38.1917	6.7794	28.1280
38.5567	6.8077	28.3993
38.9253	6.8352	28.6415
39.2973	6.8619	28.8871
39.6730	6.8880	29.1433
40.0522	6.9137	29.4188
40.4350	6.9399	29.7356
40.8215	6.9685	30.0806
41.2117	6.9995	30.4227
41.6056	7.0322	30.7616
42.0033	7.0668	31.0889
42.4048	7.1023	31.3914
42.8101	7.1375	31.6855
43.2193	7.1727	31.9890
43.6324	7.2082	32.3026
44.0494	7.2441	32.6386
44.4705	7.2817	33.0099
44.8956	7.3221	33.4003
45.3247	7.3654	33.7971
45.7579	7.4120	34.1908
46.1953	7.4614	34.5660
46.6368	7.5130	34.8877
47.0826	7.5628	35.1809
47.5327	7.6123	35.4944
47.9870	7.6618	35.8278
48.4457	7.7126	36.1653
48.9087	7.7625	36.5611
49.3762	7.8185	37.0143
49.8482	7.8791	37.4330
50.3247	7.9417	37.8269
50.8057	8.0063	38.2372
51.2913	8.0753	38.6039
51.7816	8.1419	38.9283
52.2765	8.2079	39.3067
52.7762	8.2765	39.7306
53.2807	8.3477	40.1950
53.7899	8.4237	40.7533
54.3041	8.5119	41.3368
54.8231	8.6078	41.8651
55.3472	8.7107	42.3517
55.8762	8.8193	42.7610
56.4103	8.9291	43.0601
56.9495	9.0339	43.3343
57.4938	9.1378	43.6455
58.0434	9.2405	43.9979
58.5982	9.3450	44.4349
59.1583	9.4553	44.9895
59.7237	9.5792	45.6144
60.2946	9.7160	46.2459
60.8709	9.8671	46.8643
61.4527	10.0319	47.4185
62.0401	10.2068	47.8460
62.6331	10.3826	48.1823
63.2318	10.5595	48.5094
63.8362	10.7377	48.8531
64.4464	10.9183	49.2684
65.0624	11.1075	49.8335
65.6843	11.3182	50.5042
66.3121	11.5514	51.2048
66.9460	11.8119	51.9094
67.5859	12.1007	52.5569
68.2319	12.4164	53.0712
68.8841	12.7500	53.4261
69.5425	13.0953	53.6632
70.2072	13.4481	53.8477
70.8783	13.8099	54.0441
71.5557	14.1838	54.3226
72.2397	14.5819	54.7926
72.9302	15.0298	55.4092
73.6273	15.5364	56.0349
74.3311	16.1088	56.6068
75.0415	16.7533	57.0161
75.7588	17.4626	57.0940
76.4830	18.2066	56.8533
77.2140	18.9736	56.5300
77.9521	19.7833	56.2268
78.6972	20.6431	56.0054
79.4494	21.5879	56.0324
80.2088	22.6859	56.2683
80.9755	23.9946	56.2806
81.7495	25.4848	55.8925
82.5309	27.1947	55.0243
83.3197	29.0925	53.3090
84.1161	31.0788	50.8442
84.9201	33.1351	47.9869
85.7318	35.2925	44.5975
86.5513	37.4488	40.6271
87.3786	39.5931	36.3860
88.2138	41.7848	31.5172
89.0570	43.8168	25.6326
89.9082	45.4928	19.0046
90.7676	46.7085	11.8203
91.6352	47.3169	4.2215
92.5111	47.2426	-3.3630
93.3953	46.5699	-10.5887
94.2880	45.4062	-17.3857
95.1893	43.8375	-23.6068
96.0992	42.0275	-29.2572
97.0177	40.0231	-34.3041
97.9450	37.9706	-38.7436
98.8812	35.8964	-42.6547
99.8264	33.8818	-46.1253
100.7806	31.9078	-49.2699
101.7439	29.9975	-52.1410
102.7164	28.1110	-54.5275
103.6982	26.3442	-56.2808
104.6894	24.6972	-57.4893
105.6900	23.2062	-58.0504
106.7003	21.9027	-58.0779
107.7202	20.7888	-57.9075
108.7498	19.8147	-57.7137
109.7893	18.9630	-57.5558
110.8387	18.1983	-57.6386
111.8981	17.4679	-57.8819
112.9677	16.7684	-58.0843
114.0475	16.0979	-58.1997
115.1376	15.4561	-58.1606
116.2381	14.8496	-57.8488
117.3492	14.2980	-57.2480
118.4708	13.8084	-56.5054
119.6032	13.3733	-55.7313
120.7465	12.9860	-54.9617
121.9006	12.6409	-54.2645
123.0658	12.3264	-53.7721
124.2421	12.0183	-53.4184
125.4296	11.7186	-53.0542
126.6286	11.4269	-52.6666
127.8389	11.1426	-52.1993
129.0609	10.8710	-51.5426
130.2945	10.6265	-50.7536
131.5399	10.4052	-49.9493
132.7972	10.2062	-49.1424
134.0665	10.0278	-48.3941
135.3480	9.8637	-47.7943
136.6417	9.7018	-47.2922
137.9478	9.5433	-46.7821
139.2663	9.3895	-46.2590
140.5975	9.2399	-45.6975
141.9414	9.0977	-45.0267
143.2981	8.9714	-44.3215
144.6678	8.8555	-43.7063
146.0506	8.7446	-43.1493
147.4466	8.6390	-42.6284
148.8560	8.5365	-42.2082
150.2788	8.4288	-41.8117
151.7152	8.3220	-41.3379
153.1654	8.2180	-40.8202
154.6294	8.1173	-40.2564
156.1074	8.0217	-39.6031
157.5996	7.9367	-38.9056
159.1060	7.8595	-38.2244
160.6268	7.7904	-37.5627
162.1621	7.7278	-36.9533
163.7121	7.6694	-36.4243
165.2769	7.6113	-35.9538
166.8567	7.5533	-35.5024
168.4516	7.4950	-35.0553
170.0618	7.4370	-34.5862
171.6873	7.3808	-34.0683
173.3283	7.3292	-33.5202
174.9851	7.2819	-32.9761
176.6577	7.2389	-32.4498
178.3462	7.1993	-31.9628
180.0509	7.1617	-31.5329
181.7719	7.1235	-31.1443
183.5094	7.0848	-30.7696
185.2634	7.0453	-30.3930
187.0343	7.0057	-29.9963
188.8220	6.9671	-29.5660
190.6268	6.9313	-29.1225
192.4489	6.8976	-28.6875
194.2885	6.8660	-28.2609
196.1455	6.8362	-27.8516
198.0204	6.8077	-27.4770
199.9131	6.7784	-27.1168
201.8240	6.7498	-26.7488
203.7531	6.7217	-26.3905
205.7007	6.6935	-26.0355
207.6668	6.6655	-25.6569
209.6518	6.6394	-25.2593
211.6557	6.6152	-24.8681
213.6788	6.5925	-24.4825
215.7213	6.5715	-24.1082
217.7832	6.5517	-23.7650
219.8649	6.5316	-23.4511
221.9664	6.5109	-23.1444
224.0881	6.4899	-22.8355
226.2300	6.4687	-22.5238
228.3924	6.4475	-22.1996
230.5755	6.4270	-21.8609
232.7794	6.4076	-21.5191
235.0044	6.3890	-21.1780
237.2507	6.3716	-20.8399
239.5184	6.3549	-20.5119
241.8078	6.3388	-20.1988
244.1191	6.3225	-19.8954
246.4525	6.3060	-19.5906
248.8082	6.2895	-19.2739
251.1864	6.2737	-18.9426
253.5874	6.2588	-18.5992
256.0113	6.2455	-18.2487
258.4583	6.2336	-17.9016
260.9288	6.2230	-17.5636
263.4229	6.2135	-17.2382
265.9407	6.2048	-16.9295
268.4827	6.1964	-16.6339
271.0490	6.1883	-16.3485
273.6398	6.1802	-16.0765
276.2553	6.1718	-15.8102
278.8959	6.1632	-15.5384
281.5617	6.1551	-15.2632
284.2530	6.1472	-14.9933
286.9700	6.1395	-14.7264
289.7130	6.1319	-14.4564
292.4822	6.1249	-14.1922
295.2778	6.1179	-13.9366
298.1002	6.1107	-13.6716
300.9496	6.1043	-13.3981
303.8262	6.0987	-13.1362
306.7303	6.0930	-12.8789
309.6621	6.0878	-12.6124
312.6220	6.0837	-12.3553
315.6102	6.0795	-12.1116
318.6269	6.0755	-11.8671
321.6725	6.0720	-11.6288
324.7472	6.0687	-11.4132
327.8512	6.0643	-11.2018
330.9850	6.0600	-10.9853
334.1487	6.0552	-10.7695
337.3426	6.0504	-10.5459
340.5670	6.0457	-10.3110
343.8223	6.0418	-10.0742
347.1087	6.0382	-9.8384
350.4265	6.0354	-9.6045
353.7761	6.0328	-9.3819
357.1576	6.0304	-9.1674
360.5715	6.0279	-8.9590
364.0179	6.0253	-8.7548
367.4974	6.0224	-8.5527
371.0101	6.0193	-8.3464
374.5563	6.0164	-8.1330
378.1365	6.0138	-7.9163
381.7509	6.0116	-7.7047
385.3998	6.0094	-7.4943
389.0836	6.0076	-7.2829
392.8026	6.0059	-7.0791
396.5572	6.0041	-6.8795
400.3477	6.0023	-6.6726
404.1744	6.0009	-6.4641
408.0376	5.9996	-6.2616
411.9378	5.9983	-6.0555
415.8753	5.9975	-5.8467
419.8504	5.9970	-5.6431
423.8635	5.9966	-5.4408
427.9150	5.9965	-5.2358
432.0052	5.9968	-5.0366
436.1344	5.9972	-4.8453
440.3032	5.9976	-4.6571
444.5118	5.9979	-4.4727
448.7606	5.9982	-4.2923
453.0500	5.9981	-4.1090
457.3805	5.9982	-3.9200
461.7523	5.9985	-3.7305
466.1660	5.9991	-3.5423
470.6218	5.9997	-3.3554
475.1201	6.0005	-3.1716
479.6615	6.0012	-2.9887
484.2463	6.0020	-2.8026
488.8750	6.0030	-2.6148
493.5479	6.0043	-2.4264
498.2654	6.0059	-2.2377
503.0280	6.0078	-2.0549
507.8362	6.0097	-1.8791
512.6902	6.0115	-1.7039
517.5908	6.0134	-1.5285
522.5381	6.0153	-1.3542
527.5327	6.0171	-1.1763
532.5751	6.0193	-0.9957
537.6657	6.0216	-0.8174
542.8049	6.0241	-0.6400
547.9933	6.0268	-0.4630
553.2312	6.0298	-0.2901
558.5192	6.0326	-0.1219
563.8578	6.0355	0.0457
569.2474	6.0384	0.2127
574.6885	6.0412	0.3791
580.1816	6.0440	0.5479
585.7272	6.0470	0.7214
591.3258	6.0502	0.8962
596.9780	6.0536	1.0709
602.6841	6.0574	1.2448
608.4448	6.0614	1.4165
614.2606	6.0656	1.5834
620.1320	6.0698	1.7467
626.0594	6.0739	1.9097
632.0435	6.0781	2.0744
638.0849	6.0824	2.2405
644.1840	6.0869	2.4093
650.3413	6.0918	2.5785
656.5576	6.0969	2.7426
662.8332	6.1021	2.9001
669.1688	6.1072	3.0552
675.5651	6.1122	3.2084
682.0223	6.1170	3.3625
688.5414	6.1219	3.5233
695.1228	6.1269	3.6900
701.7670	6.1325	3.8588
708.4749	6.1383	4.0273
715.2467	6.1446	4.1941
722.0834	6.1512	4.3553
728.9853	6.1580	4.5105
735.9532	6.1647	4.6602
742.9878	6.1712	4.8093
750.0896	6.1777	4.9611
757.2593	6.1843	5.1169
764.4974	6.1910	5.2800
771.8048	6.1983	5.4501
779.1821	6.2063	5.6205
786.6298	6.2149	5.7873
794.1487	6.2241	5.9505
801.7395	6.2339	6.1057
809.4029	6.2439	6.2496
817.1395	6.2539	6.3866
824.9501	6.2639	6.5193
832.8353	6.2739	6.6481
840.7958	6.2838	6.7758
848.8325	6.2937	6.9073
856.9460	6.3042	7.0426
865.1370	6.3152	7.1726
873.4064	6.3266	7.2932
881.7548	6.3381	7.4039
890.1829	6.3499	7.4993
898.6917	6.3611	7.5783
907.2817	6.3716	7.6526
915.9539	6.3818	7.7241
924.7090	6.3914	7.7893
933.5477	6.4006	7.8511
942.4709	6.4094	7.9014
951.4795	6.4173	7.9242
960.5741	6.4228	7.9294
969.7557	6.4261	7.9381
979.0250	6.4272	7.9594
988.3829	6.4264	8.0098
997.8303	6.4247	8.1136
1007.4000	6.4243	8.2603
1017.0000	6.4256	8.4198
1026.7000	6.4283	8.5817
1036.5000	6.4324	8.7406
1046.4000	6.4376	8.8837
1056.4000	6.4429	9.0093
1066.5000	6.4481	9.1299
1076.7000	6.4533	9.2490
1087.0000	6.4583	9.3619
1097.4000	6.4628	9.4692
1107.9000	6.4668	9.5796
1118.5000	6.4703	9.6972
1129.2000	6.4736	9.8214
1140.0000	6.4767	9.9569
1150.9000	6.4801	10.1058
1161.9000	6.4840	10.2620
1173.0000	6.4884	10.4200
1184.2000	6.4933	10.5803
1195.5000	6.4987	10.7401
1206.9000	6.5042	10.8976
1218.5000	6.5100	11.0588
1230.1000	6.5160	11.2260
1241.9000	6.5225	11.4007
1253.8000	6.5298	11.5851
1265.7000	6.5382	11.7703
1277.8000	6.5474	11.9474
1290.0000	6.5572	12.1159
1302.4000	6.5674	12.2728
1314.8000	6.5774	12.4155
1327.4000	6.5867	12.5569
1340.1000	6.5958	12.7127
1352.9000	6.6053	12.8797
1365.8000	6.6154	13.0526
1378.9000	6.6263	13.2338
1392.1000	6.6384	13.4143
1405.4000	6.6514	13.5780
1418.8000	6.6644	13.7264
1432.4000	6.6773	13.8711
1446.1000	6.6903	14.0134
1459.9000	6.7030	14.1491
1473.8000	6.7154	14.2858
1487.9000	6.7277	14.4303
1502.1000	6.7402	14.5790
1516.5000	6.7528	14.7357
1531.0000	6.7660	14.9092
1545.6000	6.7806	15.0920
1560.4000	6.7966	15.2719
1575.3000	6.8139	15.4441
1590.4000	6.8324	15.6022
1605.6000	6.8515	15.7385
1620.9000	6.8704	15.8529
1636.4000	6.8887	15.9572
1652.1000	6.9067	16.0622
1667.8000	6.9244	16.1657
1683.8000	6.9419	16.2763
1699.9000	6.9600	16.3973
1716.1000	6.9790	16.5143
1732.5000	6.9987	16.6175
1749.1000	7.0187	16.7066
1765.8000	7.0387	16.7744
1782.7000	7.0580	16.8190
1799.7000	7.0759	16.8487
1816.9000	7.0923	16.8707
1834.3000	7.1071	16.8945
1851.8000	7.1205	16.9298
1869.5000	7.1332	16.9810
1887.4000	7.1457	17.0437
1905.4000	7.1583	17.1143
1923.7000	7.1712	17.1876
1942.0000	7.1842	17.2512
1960.6000	7.1966	17.3065
1979.3000	7.2085	17.3651
1998.3000	7.2200	17.4267
2017.4000	7.2310	17.4962
2036.6000	7.2420	17.5798
2056.1000	7.2539	17.6675
2075.8000	7.2662	17.7455
2095.6000	7.2784	17.8143
2115.6000	7.2904	17.8756
2135.9000	7.3020	17.9253
2156.3000	7.3124	17.9664
2176.9000	7.3217	18.0116
2197.7000	7.3302	18.0618
2218.7000	7.3380	18.1105
2239.9000	7.3445	18.1662
2261.3000	7.3504	18.2376
2282.9000	7.3562	18.3189
2304.8000	7.3618	18.4079
2326.8000	7.3675	18.5058
2349.0000	7.3733	18.6051
2371.5000	7.3791	18.7010
2394.1000	7.3843	18.7947
2417.0000	7.3888	18.8914
2440.1000	7.3926	18.9991
2463.5000	7.3961	19.1212
2487.0000	7.3995	19.2593
2510.8000	7.4032	19.4165
2534.8000	7.4079	19.5899
2559.0000	7.4137	19.7709
2583.5000	7.4205	19.9553
2608.2000	7.4284	20.1393
2633.1000	7.4369	20.3168
2658.3000	7.4456	20.4920
2683.7000	7.4546	20.6720
2709.3000	7.4638	20.8599
2735.2000	7.4736	21.0628
2761.4000	7.4848	21.2853
2787.7000	7.4982	21.5129
2814.4000	7.5133	21.7309
2841.3000	7.5299	21.9336
2868.5000	7.5474	22.1094
2895.9000	7.5644	22.2562
2923.6000	7.5800	22.3942
2951.5000	7.5945	22.5397
2979.7000	7.6084	22.6983
3008.2000	7.6223	22.8796
3036.9000	7.6373	23.0770
3066.0000	7.6536	23.2708
3095.3000	7.6705	23.4574
3124.9000	7.6880	23.6394
3154.7000	7.7058	23.8120
3184.9000	7.7234	23.9772
3215.3000	7.7405	24.1453
3246.1000	7.7578	24.3205
3277.1000	7.7751	24.5014
3308.4000	7.7927	24.6890
3340.0000	7.8107	24.8913
3372.0000	7.8302	25.1096
3404.2000	7.8515	25.3275
3436.7000	7.8743	25.5337
3469.6000	7.8981	25.7296
3502.7000	7.9228	25.9048
3536.2000	7.9471	26.0551
3570.0000	7.9702	26.1987
3604.1000	7.9927	26.3451
3638.6000	8.0144	26.4977
3673.4000	8.0359	26.6677
3708.5000	8.0581	26.8539
3743.9000	8.0814	27.0448
3779.7000	8.1059	27.2344
3815.9000	8.1315	27.4164
3852.3000	8.1577	27.5800
3889.1000	8.1834	27.7287
3926.3000	8.2085	27.8719
3963.8000	8.2328	28.0140
4001.7000	8.2562	28.1675
4040.0000	8.2797	28.3435
4078.6000	8.3044	28.5359
4117.6000	8.3304	28.7344
4156.9000	8.3582	28.9316
4196.7000	8.3874	29.1145
4236.8000	8.4171	29.2730
4277.3000	8.4462	29.4125
4318.2000	8.4742	29.5481
4359.5000	8.5014	29.6853
4401.1000	8.5275	29.8355
4443.2000	8.5539	30.0114
4485.7000	8.5816	30.2045
4528.5000	8.6110	30.3982
4571.8000	8.6417	30.5925
4615.5000	8.6742	30.7806
4659.6000	8.7078	30.9471
4704.2000	8.7415	31.0916
4749.1000	8.7743	31.2244
4794.5000	8.8065	31.3492
4840.4000	8.8375	31.4686
4886.6000	8.8670	31.5970
4933.3000	8.8959	31.7524
4980.5000	8.9261	31.9288
5028.1000	8.9575	32.1124
5076.2000	8.9907	32.3027
5124.7000	9.0258	32.4847
5173.7000	9.0621	32.6384
5223.1000	9.0975	32.7695
5273.0000	9.1320	32.8946
5323.4000	9.1654	33.0190
5374.3000	9.1975	33.1561
5425.7000	9.2295	33.3232
5477.6000	9.2634	33.5138
5529.9000	9.2994	33.7078
5582.8000	9.3375	33.8981
5636.1000	9.3776	34.0726
5690.0000	9.4185	34.2129
5744.4000	9.4582	34.3289
5799.3000	9.4964	34.4397
5854.7000	9.5331	34.5533
5910.7000	9.5686	34.6817
5967.2000	9.6038	34.8405
6024.2000	9.6408	35.0229
6081.8000	9.6800	35.2111
6139.9000	9.7216	35.3943
6198.6000	9.7650	35.5597
6257.9000	9.8092	35.6946
6317.7000	9.8520	35.8103
6378.1000	9.8939	35.9208
6439.0000	9.9342	36.0288
6500.6000	9.9730	36.1524
6562.7000	10.0117	36.3112
6625.5000	10.0530	36.4838
6688.8000	10.0951	36.6579
6752.7000	10.1397	36.8408
6817.3000	10.1866	37.0155
6882.4000	10.2354	37.1628
6948.2000	10.2837	37.2848
7014.6000	10.3313	37.3930
7081.7000	10.3774	37.4928
7149.4000	10.4220	37.5959
7217.7000	10.4653	37.7124
7286.7000	10.5083	37.8608
7356.3000	10.5537	38.0315
7426.7000	10.6014	38.2039
7497.6000	10.6514	38.3704
7569.3000	10.7034	38.5205
7641.7000	10.7563	38.6388
7714.7000	10.8074	38.7339
7788.4000	10.8570	38.8260
7862.9000	10.9048	38.9230
7938.0000	10.9514	39.0368
8013.9000	10.9979	39.1822
8090.5000	11.0469	39.3503
8167.8000	11.0984	39.5212
8245.9000	11.1527	39.6871
8324.7000	11.2091	39.8354
8404.3000	11.2666	39.9511
8484.6000	11.3225	40.0431
8565.7000	11.3767	40.1303
8647.6000	11.4291	40.2196
8730.3000	11.4800	40.3236
8813.7000	11.5304	40.4615
8898.0000	11.5835	40.6237
8983.0000	11.6391	40.7872
9068.9000	11.6974	40.9495
9155.6000	11.7582	41.0971
9243.1000	11.8203	41.2061
9331.4000	11.8799	41.2904
9420.6000	11.9377	41.3762
9510.7000	11.9935	41.4619
9601.6000	12.0463	41.5803
9693.3000	12.1009	41.7601
9786.0000	12.1610	41.9672
9879.5000	12.2260	42.1740
9974.0000	12.2962	42.3871
10069.3000	12.3738	42.5574
10165.6000	12.4520	42.6521
10262.7000	12.5280	42.7052
10360.8000	12.6005	42.7364
10459.8000	12.6691	42.7539
10559.8000	12.7325	42.7861
10660.8000	12.7940	42.8562
10762.7000	12.8553	42.9670
10865.5000	12.9200	43.1054
10969.4000	12.9881	43.2481
11074.2000	13.0598	43.3874
11180.1000	13.1350	43.5068
11287.0000	13.2117	43.5847
11394.8000	13.2860	43.6325
11503.8000	13.3580	43.6763
11613.7000	13.4277	43.7207
11724.7000	13.4950	43.7787
11836.8000	13.5617	43.8732
11949.9000	13.6318	43.9893
12064.2000	13.7045	44.1007
12179.5000	13.7793	44.2057
12295.9000	13.8563	44.2942
12413.4000	13.9336	44.3485
12532.1000	14.0076	44.3835
12651.9000	14.0790	44.4266
12772.8000	14.1486	44.4820
12894.9000	14.2168	44.5593
13018.1000	14.2858	44.6750
13142.6000	14.3593	44.8160
13268.2000	14.4374	44.9557
13395.0000	14.5195	45.0851
13523.0000	14.6052	45.1912
13652.3000	14.6923	45.2539
13782.8000	14.7764	45.2858
13914.5000	14.8573	45.3137
14047.5000	14.9352	45.3464
14181.8000	15.0103	45.4004
14317.4000	15.0852	45.4993
14454.2000	15.1647	45.6310
14592.4000	15.2493	45.7674
14731.9000	15.3392	45.8983
14872.7000	15.4340	46.0042
15014.8000	15.5311	46.0598
15158.3000	15.6254	46.0762
15303.2000	15.7162	46.0787
15449.5000	15.8030	46.0771
15597.2000	15.8857	46.0905
15746.3000	15.9666	46.1434
15896.8000	16.0505	46.2249
16048.7000	16.1374	46.3112
16202.1000	16.2279	46.3961
16357.0000	16.3216	46.4638
16513.3000	16.4163	46.4921
16671.2000	16.5073	46.4934
16830.5000	16.5946	46.4927
16991.4000	16.6780	46.4990
17153.8000	16.7582	46.5297
17317.8000	16.8380	46.6047
17483.3000	16.9223	46.7121
17650.4000	17.0115	46.8277
17819.1000	17.1062	46.9406
17989.5000	17.2057	47.0332
18161.4000	17.3077	47.0840
18335.0000	17.4067	47.1028
18510.3000	17.5027	47.1137
18687.2000	17.5949	47.1258
18865.8000	17.6838	47.1566
19046.1000	17.7718	47.2275
19228.2000	17.8643	47.3301
19412.0000	17.9618	47.4387
19597.5000	18.0643	47.5436
19784.8000	18.1717	47.6282
19974.0000	18.2812	47.6712
20164.9000	18.3874	47.6833
20357.6000	18.4896	47.6914
20552.2000	18.5885	47.7051
20748.6000	18.6842	47.7386
20947.0000	18.7796	47.8164
21147.2000	18.8808	47.9259
21349.3000	18.9881	48.0376
21553.4000	19.1012	48.1428
21759.4000	19.2198	48.2263
21967.4000	19.3412	48.2624
22177.4000	19.4585	48.2633
22389.3000	19.5716	48.2587
22603.4000	19.6806	48.2571
22819.4000	19.7857	48.2753
23037.5000	19.8901	48.3390
23257.7000	20.0006	48.4346
23480.0000	20.1174	48.5320
23704.5000	20.2403	48.6254
23931.0000	20.3695	48.6956
24159.8000	20.5014	48.7138
24390.7000	20.6285	48.6963
24623.8000	20.7512	48.6736
24859.2000	20.8693	48.6494
25096.8000	20.9823	48.6411
25336.7000	21.0936	48.6781
25578.9000	21.2106	48.7459
25823.4000	21.3328	48.8134
26070.2000	21.4598	48.8778
26319.4000	21.5921	48.9263
26571.0000	21.7267	48.9320
26825.0000	21.8566	48.9080
27081.4000	21.9820	48.8840
27340.2000	22.1034	48.8646
27601.5000	22.2209	48.8642
27865.4000	22.3378	48.9097
28131.7000	22.4620	48.9874
28400.6000	22.5933	49.0672
28672.1000	22.7320	49.1421
28946.1000	22.8779	49.1934
29222.8000	23.0271	49.1934
29502.1000	23.1716	49.1552
29784.1000	23.3109	49.1085
30068.8000	23.4449	49.0602
30356.2000	23.5734	49.0267
30646.4000	23.6997	49.0356
30939.3000	23.8321	49.0747
31235.1000	23.9704	49.1133
31533.6000	24.1141	49.1456
31835.0000	24.2632	49.1584
32139.3000	24.4146	49.1246
32446.5000	24.5597	49.0546
32756.7000	24.6980	48.9789
33069.8000	24.8297	48.9048
33385.8000	24.9547	48.8452
33705.0000	25.0757	48.8276
34027.1000	25.2012	48.8452
34352.4000	25.3316	48.8714
34680.7000	25.4677	48.8987
35012.2000	25.6092	48.9115
35346.9000	25.7531	48.8857
35684.7000	25.8914	48.8292
36025.8000	26.0233	48.7671
36370.2000	26.1481	48.7102
36717.8000	26.2665	48.6781
37068.8000	26.3827	48.6978
37423.1000	26.5066	48.7581
37780.8000	26.6387	48.8308
38141.9000	26.7807	48.9000
38506.5000	26.9299	48.9496
38874.6000	27.0844	48.9531
39246.2000	27.2320	48.9378
39621.3000	27.3811	48.8912
40000.0000	27.5118	48.8935