Freq	dB	Phase
20.0000	60.7180	161.2543
20.1912	60.8827	161.0540
20.3842	61.0474	160.8517
20.5790	61.2121	160.6472
20.7757	61.3768	160.4405
20.9743	61.5415	160.2317
21.1748	61.7061	160.0207
21.3772	61.8708	159.8075
21.5815	62.0355	159.5920
21.7878	62.2002	159.3742
21.9960	62.3649	159.1540
22.2063	62.5296	158.9315
22.4185	62.6943	158.7066
22.6328	62.8590	158.4793
22.8492	63.0237	158.2496
23.0676	63.1884	158.0173
23.2881	63.3531	157.7825
23.5107	63.5178	157.5451
23.7354	63.6825	157.3051
23.9623	63.8472	157.0625
24.1913	64.0118	156.8172
24.4225	64.1765	156.5692
24.6560	64.3412	156.3184
24.8916	64.5059	156.0647
25.1296	64.6706	155.8082
25.3698	64.8353	155.5488
25.6123	65.0000	155.2865
25.8571	65.1647	155.0211
26.1042	65.3294	154.7527
26.3537	65.4941	154.4811
26.6056	65.6588	154.2064
26.8599	65.8235	153.9284
27.1167	65.9882	153.6471
27.3759	66.1528	153.3624
27.6375	66.3175	153.0743
27.9017	66.4822	152.7827
28.1684	66.6469	152.4874
28.4377	66.8116	152.1884
28.7095	66.9763	151.8855
28.9839	67.1410	151.5786
29.2609	67.3057	151.2676
29.5406	67.4703	150.9524
29.8230	67.6349	150.6328
30.1080	67.7995	150.3087
30.3958	67.9641	149.9799
30.6864	68.1285	149.6461
30.9797	68.2930	149.3073
31.2758	68.4573	148.9634
31.5747	68.6214	148.6141
31.8765	68.7855	148.2594
32.1812	68.9494	147.8993
32.4888	69.1130	147.5337
32.7994	69.2765	147.1627
33.1129	69.4397	146.7862
33.4294	69.6027	146.4043
33.7489	69.7654	146.0170
34.0715	69.9278	145.6243
34.3972	70.0899	145.2262
34.7260	70.2517	144.8226
35.0579	70.4132	144.4135
35.3930	70.5743	143.9988
35.7313	70.7351	143.5784
36.0728	70.8955	143.1522
36.4176	71.0554	142.7203
36.7657	71.2150	142.2824
37.1171	71.3740	141.8385
37.4719	71.5326	141.3885
37.8301	71.6906	140.9325
38.1917	71.8481	140.4704
38.5567	72.0049	140.0022
38.9253	72.1611	139.5280
39.2973	72.3166	139.0480
39.6730	72.4713	138.5624
40.0522	72.6253	138.0713
40.4350	72.7784	137.5751
40.8215	72.9308	137.0742
41.2117	73.0822	136.5688
41.6056	73.2328	136.0594
42.0033	73.3825	135.5464
42.4048	73.5313	135.0301
42.8101	73.6791	134.5112
43.2193	73.8261	133.9902
43.6324	73.9722	133.4675
44.0495	74.1174	132.9438
44.4705	74.2618	132.4195
44.8956	74.4054	131.8949
45.3247	74.5483	131.3702
45.7579	74.6906	130.8456
46.1953	74.8322	130.3211
46.6369	74.9733	129.7967
47.0826	75.1138	129.2723
47.5327	75.2539	128.7478
47.9870	75.3935	128.2230
48.4457	75.5327	127.6978
48.9087	75.6715	127.1723
49.3762	75.8099	126.6465
49.8482	75.9479	126.1204
50.3247	76.0855	125.5941
50.8057	76.2229	125.0678
51.2913	76.3600	124.5416
51.7816	76.4969	124.0156
52.2765	76.6336	123.4899
52.7762	76.7701	122.9647
53.2807	76.9066	122.4401
53.7899	77.0431	121.9162
54.3041	77.1797	121.3927
54.8231	77.3165	120.8696
55.3472	77.4535	120.3466
55.8762	77.5909	119.8231
56.4103	77.7286	119.2987
56.9495	77.8668	118.7727
57.4938	78.0056	118.2443
58.0434	78.1449	117.7127
58.5982	78.2848	117.1771
59.1583	78.4254	116.6365
59.7237	78.5667	116.0901
60.2946	78.7086	115.5366
60.8709	78.8511	114.9752
61.4528	78.9944	114.4046
62.0401	79.1382	113.8236
62.6331	79.2825	113.2312
63.2318	79.4272	112.6264
63.8362	79.5724	112.0082
64.4464	79.7178	111.3759
65.0624	79.8633	110.7290
65.6843	80.0088	110.0668
66.3121	80.1543	109.3889
66.9460	80.2996	108.6951
67.5859	80.4446	107.9851
68.2319	80.5892	107.2586
68.8841	80.7334	106.5155
69.5425	80.8769	105.7553
70.2072	81.0197	104.9779
70.8783	81.1617	104.1829
71.5558	81.3028	103.3701
72.2397	81.4428	102.5392
72.9302	81.5817	101.6900
73.6273	81.7193	100.8221
74.3311	81.8555	99.9353
75.0416	81.9901	99.0294
75.7588	82.1230	98.1043
76.4830	82.2540	97.1598
77.2140	82.3830	96.1961
77.9521	82.5098	95.2132
78.6972	82.6342	94.2117
79.4494	82.7561	93.1919
80.2088	82.8752	92.1544
80.9755	82.9915	91.1000
81.7495	83.1048	90.0295
82.5309	83.2149	88.9439
83.3197	83.3217	87.8440
84.1161	83.4252	86.7308
84.9201	83.5251	85.6054
85.7318	83.6215	84.4690
86.5513	83.7141	83.3225
87.3786	83.8030	82.1673
88.2138	83.8881	81.0046
89.0570	83.9692	79.8357
89.9082	84.0465	78.6618
90.7676	84.1198	77.4841
91.6352	84.1891	76.3036
92.5111	84.2544	75.1215
93.3953	84.3158	73.9389
94.2881	84.3731	72.7568
95.1893	84.4265	71.5764
96.0992	84.4759	70.3988
97.0177	84.5213	69.2250
97.9450	84.5628	68.0563
98.8812	84.6003	66.8936
99.8264	84.6341	65.7381
100.7806	84.6640	64.5909
101.7439	84.6901	63.4529
102.7164	84.7126	62.3252
103.6982	84.7314	61.2088
104.6894	84.7467	60.1045
105.6900	84.7585	59.0133
106.7003	84.7670	57.9360
107.7202	84.7722	56.8736
108.7498	84.7742	55.8266
109.7893	84.7731	54.7960
110.8387	84.7691	53.7824
111.8981	84.7623	52.7864
112.9677	84.7527	51.8085
114.0475	84.7405	50.8493
115.1376	84.7258	49.9090
116.2381	84.7088	48.9879
117.3492	84.6895	48.0865
118.4708	84.6680	47.2049
119.6032	84.6445	46.3436
120.7465	84.6190	45.5029
121.9006	84.5917	44.6832
123.0658	84.5627	43.8848
124.2421	84.5322	43.1080
125.4296	84.5001	42.3529
126.6286	84.4668	41.6198
127.8389	84.4322	40.9087
129.0609	84.3966	40.2200
130.2945	84.3600	39.5537
131.5399	84.3226	38.9100
132.7972	84.2846	38.2890
134.0665	84.2461	37.6905
135.3480	84.2072	37.1142
136.6417	84.1680	36.5597
137.9478	84.1288	36.0264
139.2663	84.0896	35.5139
140.5975	84.0505	35.0214
141.9414	84.0117	34.5483
143.2981	83.9732	34.0941
144.6678	83.9351	33.6580
146.0506	83.8974	33.2396
147.4466	83.8603	32.8383
148.8560	83.8238	32.4535
150.2788	83.7879	32.0848
151.7152	83.7527	31.7317
153.1654	83.7183	31.3939
154.6294	83.6847	31.0707
156.1074	83.6519	30.7619
157.5996	83.6201	30.4668
159.1060	83.5892	30.1851
160.6268	83.5593	29.9164
162.1621	83.5304	29.6604
163.7121	83.5026	29.4167
165.2770	83.4760	29.1848
166.8567	83.4505	28.9645
168.4516	83.4263	28.7552
170.0618	83.4033	28.5563
171.6873	83.3817	28.3671
173.3283	83.3615	28.1869
174.9851	83.3427	28.0149
176.6577	83.3254	27.8504
178.3462	83.3095	27.6927
180.0509	83.2950	27.5410
181.7719	83.2820	27.3946
183.5094	83.2705	27.2525
185.2634	83.2604	27.1139
187.0343	83.2518	26.9778
188.8220	83.2445	26.8435
190.6269	83.2385	26.7101
192.4489	83.2338	26.5771
194.2884	83.2303	26.4441
196.1455	83.2278	26.3108
198.0204	83.2265	26.1768
199.9131	83.2261	26.0422
201.8240	83.2266	25.9067
203.7531	83.2281	25.7703
205.7007	83.2304	25.6328
207.6668	83.2335	25.4942
209.6518	83.2373	25.3543
211.6557	83.2419	25.2129
213.6788	83.2472	25.0702
215.7213	83.2531	24.9258
217.7832	83.2597	24.7797
219.8649	83.2669	24.6317
221.9664	83.2747	24.4818
224.0881	83.2830	24.3298
226.2300	83.2918	24.1753
228.3924	83.3011	24.0182
230.5755	83.3108	23.8581
232.7794	83.3209	23.6948
235.0044	83.3313	23.5281
237.2507	83.3420	23.3579
239.5184	83.3529	23.1840
241.8078	83.3639	23.0063
244.1191	83.3750	22.8250
246.4525	83.3861	22.6399
248.8082	83.3971	22.4514
251.1864	83.4080	22.2594
253.5874	83.4188	22.0643
256.0113	83.4293	21.8663
258.4583	83.4395	21.6658
260.9288	83.4493	21.4632
263.4228	83.4587	21.2591
265.9407	83.4677	21.0541
268.4827	83.4762	20.8490
271.0490	83.4843	20.6444
273.6398	83.4919	20.4409
276.2553	83.4991	20.2393
278.8959	83.5059	20.0399
281.5617	83.5123	19.8434
284.2530	83.5184	19.6500
286.9700	83.5242	19.4602
289.7130	83.5298	19.2741
292.4822	83.5352	19.0922
295.2778	83.5405	18.9144
298.1002	83.5457	18.7409
300.9496	83.5510	18.5716
303.8262	83.5563	18.4065
306.7303	83.5616	18.2453
309.6621	83.5672	18.0878
312.6220	83.5728	17.9340
315.6102	83.5787	17.7836
318.6269	83.5848	17.6365
321.6725	83.5912	17.4926
324.7472	83.5978	17.3519
327.8512	83.6047	17.2144
330.9850	83.6119	17.0800
334.1487	83.6195	16.9486
337.3426	83.6275	16.8202
340.5671	83.6359	16.6947
343.8223	83.6447	16.5721
347.1087	83.6541	16.4523
350.4265	83.6640	16.3352
353.7761	83.6746	16.2207
357.1576	83.6857	16.1085
360.5715	83.6976	15.9983
364.0179	83.7103	15.8898
367.4974	83.7238	15.7825
371.0101	83.7382	15.6759
374.5563	83.7535	15.5698
378.1365	83.7698	15.4641
381.7509	83.7871	15.3602
385.3998	83.8054	15.2655
389.0836	83.8248	15.4572
392.8027	83.8827	15.5754
396.5572	83.9420	14.9009
400.3477	83.9558	13.7687
404.1744	83.9233	13.0100
408.0376	83.8888	12.6240
411.9378	83.8423	12.3605
415.8753	83.7936	12.4700
419.8504	83.7644	12.8913
423.8635	83.7600	13.2398
427.9150	83.7600	13.4082
432.0052	83.7605	13.4835
436.1344	83.7500	13.7871
440.3032	83.7604	14.4465
444.5118	83.7940	15.2935
448.7606	83.8645	16.3109
453.0501	83.9808	17.1229
457.3805	84.1201	17.4143
461.7523	84.2604	17.2847
466.1659	84.3940	16.9636
470.6218	84.5260	16.3649
475.1201	84.6356	15.4328
479.6615	84.7163	14.5718
484.2463	84.7922	13.8216
488.8750	84.8582	13.0638
493.5478	84.9247	11.9954
498.2654	84.9492	10.7789
503.0280	84.9598	9.6501
507.8361	84.9374	8.6205
512.6903	84.9047	7.9869
517.5908	84.8764	7.5444
522.5381	84.8490	7.1844
527.5327	84.8263	6.9779
532.5751	84.8169	6.6959
537.6657	84.7973	6.4428
542.8049	84.7900	6.3547
547.9933	84.7889	6.2715
553.2312	84.7972	6.1556
558.5192	84.8055	6.2158
563.8578	84.8451	6.1965
569.2474	84.8780	5.8775
574.6885	84.9102	5.5692
580.1816	84.9416	5.2842
585.7272	84.9773	5.1331
591.3258	85.0325	4.8158
596.9780	85.0776	4.2173
602.6841	85.1143	3.7079
608.4448	85.1584	3.1570
614.2606	85.1938	2.5338
620.1319	85.2329	1.9743
626.0594	85.2791	1.0933
632.0435	85.2982	-0.0403
638.0849	85.3009	-1.0851
644.1840	85.2908	-1.9303
650.3413	85.2904	-2.7789
656.5576	85.2801	-3.9308
662.8332	85.2473	-5.2323
669.1688	85.1911	-6.5177
675.5650	85.1151	-7.7058
682.0224	85.0252	-8.9376
688.5414	84.9047	-10.1232
695.1228	84.7668	-11.0086
701.7670	84.6226	-11.7448
708.4748	84.4633	-12.1792
715.2467	84.3190	-12.3979
722.0833	84.1716	-12.6493
728.9853	84.0216	-12.7690
735.9533	83.8718	-12.7474
742.9878	83.7207	-12.3331
750.0896	83.6015	-11.5918
757.2592	83.5072	-10.7191
764.4974	83.4542	-10.0941
771.8048	83.3965	-9.8229
779.1821	83.3402	-9.4743
786.6298	83.2919	-9.1436
794.1487	83.2424	-8.7821
801.7395	83.2031	-8.2308
809.4029	83.1857	-7.7900
817.1395	83.1664	-7.5122
824.9500	83.1520	-7.1485
832.8353	83.1509	-6.9290
840.7958	83.1417	-6.8655
848.8325	83.1318	-6.9314
856.9460	83.1006	-6.9066
865.1371	83.0793	-6.7077
873.4064	83.0555	-6.5863
881.7548	83.0274	-6.2472
890.1829	83.0200	-5.7892
898.6917	83.0211	-5.5725
907.2817	83.0124	-5.2970
915.9539	83.0194	-4.8433
924.7090	83.0384	-4.3955
933.5477	83.0745	-4.0341
942.4710	83.1195	-4.0487
951.4795	83.1451	-4.2284
960.5741	83.1694	-4.6271
969.7557	83.1521	-5.0265
979.0250	83.1304	-4.8643
988.3829	83.1295	-4.6734
997.8303	83.1186	-4.4698
1007.3680	83.1224	-3.8010
1016.9970	83.1702	-3.1666
1026.7180	83.2317	-3.0713
1036.5310	83.2807	-3.1820
1046.4390	83.3309	-3.4373
1056.4410	83.3607	-3.8160
1066.5390	83.3821	-4.0307
1076.7340	83.4079	-4.4964
1087.0260	83.3961	-5.1317
1097.4160	83.3640	-5.2427
1107.9050	83.3496	-4.8376
1118.4950	83.3691	-4.5372
1129.1860	83.3911	-4.5923
1139.9790	83.4089	-5.0700
1150.8760	83.3818	-5.5555
1161.8760	83.3461	-5.5189
1172.9820	83.3185	-5.2550
1184.1940	83.2938	-4.7942
1195.5130	83.2834	-3.6328
1206.9400	83.3473	-1.9933
1218.4770	83.4818	-0.8735
1230.1230	83.6430	-0.7640
1241.8810	83.7801	-1.3152
1253.7520	83.8929	-2.1220
1265.7360	83.9708	-2.7654
1277.8340	84.0567	-3.5191
1290.0480	84.1004	-4.4254
1302.3790	84.1336	-4.7919
1314.8280	84.1891	-4.8163
1327.3950	84.2783	-5.1291
1340.0830	84.3694	-6.4963
1352.8920	84.3870	-8.7066
1365.8240	84.3170	-10.6335
1378.8790	84.2011	-11.5710
1392.0590	84.0914	-11.4752
1405.3640	84.0304	-10.9023
1418.7970	84.0128	-10.6157
1432.3590	84.0012	-10.6268
1446.0500	83.9988	-10.5714
1459.8720	84.0190	-10.7756
1473.8260	84.0296	-11.9588
1487.9130	83.9517	-13.2800
1502.1360	83.8427	-13.5095
1516.4940	83.7582	-12.6783
1530.9890	83.7487	-11.6250
1545.6230	83.7832	-11.3368
1560.3960	83.8092	-11.8424
1575.3110	83.8012	-12.8470
1590.3690	83.7353	-13.7707
1605.5700	83.6420	-14.1166
1620.9170	83.5456	-14.0347
1636.4100	83.4509	-13.8893
1652.0520	83.3302	-12.7641
1667.8430	83.2981	-10.3046
1683.7850	83.3798	-7.9046
1699.8790	83.5420	-6.4720
1716.1270	83.7278	-6.3766
1732.5310	83.8706	-7.1251
1749.0910	83.9668	-7.5191
1765.8090	84.0863	-8.0125
1782.6880	84.1587	-8.8194
1799.7270	84.2221	-9.0373
1816.9300	84.3194	-9.7046
1834.2970	84.3581	-10.5647
1851.8300	84.4155	-11.1604
1869.5300	84.4576	-12.3988
1887.4000	84.4489	-14.3380
1905.4410	84.3398	-15.9439
1923.6540	84.2014	-16.3229
1942.0410	84.0747	-15.5473
1960.6030	84.0160	-14.0134
1979.3440	84.0293	-12.2837
1998.2630	84.1223	-10.6913
2017.3630	84.2849	-10.2532
2036.6460	84.4199	-11.6170
2056.1130	84.4341	-12.9147
2075.7660	84.4392	-12.5818
2095.6070	84.5186	-12.0911
2115.6380	84.6051	-12.7703
2135.8600	84.6277	-13.6422
2156.2760	84.6370	-13.7699
2176.8860	84.6668	-13.5877
2197.6940	84.7089	-13.2322
2218.7000	84.7855	-12.7719
2239.9080	84.8886	-12.7548
2261.3180	84.9776	-12.8365
2282.9320	85.0895	-12.6799
2304.7530	85.2277	-12.7088
2326.7830	85.3845	-13.7551
2349.0230	85.4642	-15.4754
2371.4760	85.4914	-16.2672
2394.1440	85.5555	-16.6103
2417.0280	85.6143	-17.2784
2440.1310	85.6633	-17.5100
2463.4550	85.7600	-17.3237
2487.0020	85.9081	-18.1026
2510.7730	86.0081	-20.0930
2534.7720	86.0385	-22.7414
2559.0010	85.9500	-25.0138
2583.4610	85.8143	-25.1316
2608.1550	85.7807	-23.6170
2633.0840	85.8641	-22.2527
2658.2520	86.0310	-22.5939
2683.6610	86.1370	-24.5071
2709.3130	86.1682	-26.0256
2735.2090	86.2114	-27.3456
2761.3540	86.2163	-29.5942
2787.7480	86.1216	-31.8967
2814.3940	85.9710	-33.5880
2841.2950	85.7558	-33.3179
2868.4540	85.6709	-31.2488
2895.8720	85.7003	-29.9474
2923.5510	85.7465	-29.0023
2951.4960	85.8717	-27.8425
2979.7080	86.0677	-27.9285
3008.1890	86.2310	-29.6978
3036.9420	86.3045	-32.3745
3065.9710	86.2586	-34.4342
3095.2770	86.1890	-34.6204
3124.8620	86.2027	-34.1497
3154.7310	86.2489	-34.0075
3184.8850	86.3326	-33.8322
3215.3280	86.4698	-34.6130
3246.0610	86.5542	-36.5379
3277.0880	86.5795	-38.4299
3308.4120	86.5777	-41.0869
3340.0350	86.4200	-43.7273
3371.9610	86.2018	-43.8803
3404.1910	86.0695	-41.2965
3436.7300	86.1503	-37.9555
3469.5800	86.3933	-36.5017
3502.7430	86.6571	-37.7012
3536.2240	86.8266	-40.7100
3570.0250	86.8471	-43.3823
3604.1490	86.8244	-44.1299
3638.5980	86.8661	-43.0180
3673.3780	87.0782	-42.6011
3708.4890	87.2903	-44.7433
3743.9370	87.4063	-48.0134
3779.7230	87.4292	-51.1949
3815.8510	87.3823	-53.3119
3852.3240	87.3702	-55.1212
3889.1460	87.3210	-57.6531
3926.3210	87.2162	-60.8019
3963.8500	86.9837	-62.4399
4001.7380	86.8501	-61.9188
4039.9880	86.8324	-62.6885
4078.6040	86.7579	-65.7654
4117.5890	86.5341	-69.5622
4156.9470	86.1520	-71.0126
4196.6810	85.8518	-69.3827
4236.7940	85.7038	-67.4999
4277.2910	85.6258	-66.9755
4318.1750	85.5199	-66.3681
4359.4500	85.4940	-64.9666
4401.1200	85.5433	-64.2139
4443.1870	85.6097	-64.6347
4485.6570	85.6360	-66.0588
4528.5330	85.5725	-66.6644
4571.8180	85.5667	-65.9560
4615.5180	85.6210	-65.0548
4659.6350	85.7588	-64.7732
4704.1740	85.9116	-66.5397
4749.1380	85.9339	-68.9868
4794.5320	85.9118	-70.1671
4840.3600	85.9204	-71.1544
4886.6260	85.9030	-72.7157
4933.3350	85.8406	-74.1740
4980.4900	85.7519	-74.5556
5028.0950	85.7277	-73.4429
5076.1560	85.8541	-73.3988
5124.6760	85.9335	-75.5610
5173.6600	85.9294	-78.3811
5223.1120	85.8249	-81.2909
5273.0360	85.6127	-82.6277
5323.4380	85.4464	-81.0044
5374.3220	85.4905	-78.9588
5425.6920	85.6234	-79.5013
5477.5530	85.6820	-82.0663
5529.9090	85.6225	-84.4419
5582.7670	85.5268	-85.5279
5636.1290	85.4615	-86.5300
5690.0010	85.3476	-87.0259
5744.3890	85.3090	-87.1604
5799.2960	85.2535	-87.6811
5854.7280	85.2130	-87.0613
5910.6900	85.2992	-86.8406
5967.1870	85.3722	-89.1099
6024.2240	85.2919	-91.9132
6081.8060	85.1388	-92.7293
6139.9380	85.0508	-91.9950
6198.6260	85.0442	-90.7826
6257.8750	85.1518	-90.9562
6317.6900	85.1873	-92.4425
6378.0780	85.1999	-93.6439
6439.0420	85.1907	-94.8788
6500.5890	85.1496	-95.3812
6562.7240	85.1677	-95.3678
6625.4530	85.2134	-96.2649
6688.7820	85.2041	-96.8797
6752.7160	85.2590	-96.6319
6817.2620	85.3738	-97.5710
6882.4240	85.4206	-99.3853
6948.2090	85.4354	-100.7445
7014.6230	85.4413	-101.5332
7081.6710	85.4753	-101.4818
7149.3610	85.6032	-102.0838
7217.6970	85.6934	-104.3532
7286.6870	85.6868	-105.6901
7356.3360	85.7670	-106.2644
7426.6510	85.8490	-108.0660
7497.6380	85.8708	-109.4141
7569.3040	85.9634	-110.6767
7641.6540	86.0196	-113.0689
7714.6960	86.0183	-115.4313
7788.4360	85.9878	-116.7792
7862.8820	86.0187	-117.5810
7938.0380	86.0901	-119.7797
8013.9130	86.0616	-122.5678
8090.5140	86.0088	-124.1783
8167.8460	85.9990	-125.3752
8245.9180	86.0135	-127.5482
8324.7350	85.9534	-129.4520
8404.3070	85.9615	-131.5701
8484.6390	85.8763	-134.6148
8565.7380	85.7394	-136.2861
8647.6130	85.6656	-136.7488
8730.2710	85.6797	-138.0683
8813.7180	85.6648	-141.4567
8897.9630	85.5024	-144.7995
8983.0140	85.3161	-146.0127
9068.8770	85.2265	-146.6903
9155.5610	85.1672	-148.7444
9243.0740	85.0420	-151.5932
9331.4230	84.8594	-154.0228
9420.6160	84.6576	-155.8659
9510.6620	84.4497	-156.7260
9601.5690	84.3276	-157.8837
9693.3450	84.1575	-160.1333
9785.9980	83.9384	-162.3390
9879.5370	83.6661	-163.5823
9973.9690	83.4339	-163.2619
10069.3000	83.3179	-163.5654
10165.5500	83.1589	-165.7297
10262.7200	82.8824	-166.9174
10360.8100	82.6648	-165.9989
10459.8500	82.5633	-165.7534
10559.8300	82.4204	-166.9855
10660.7600	82.1936	-166.0511
10762.6600	82.1709	-163.5036
10865.5300	82.2520	-163.0796
10969.3900	82.2865	-163.3531
11074.2400	82.3706	-163.2720
11180.0900	82.4845	-164.2024
11286.9600	82.5531	-165.8550
11394.8400	82.5910	-167.3337
11503.7600	82.6265	-168.9418
11613.7200	82.6312	-171.5373
11724.7300	82.5161	-173.8456
11836.8000	82.3913	-174.3982
11949.9400	82.3378	-174.6551
12064.1600	82.2912	-176.5778
12179.4700	82.0882	-177.6430
12295.8900	81.9585	-175.7870
12413.4200	81.9835	-173.9644
12532.0700	82.0348	-172.8030
12651.8600	82.1287	-168.8664
12772.7900	82.5902	-165.4378
12894.8800	83.0675	-165.6694
13018.1300	83.5332	-166.5926
13142.5600	84.0180	-168.0919
13268.1900	84.4944	-170.7876
13395.0100	84.9080	-174.2199
13523.0400	85.2779	-177.5726
13652.3000	85.6400	178.8513
13782.8000	85.9713	174.4487
13914.5400	86.2329	169.2591
14047.5400	86.3973	164.4769
14181.8100	86.5625	159.6704
14317.3700	86.6357	154.6253
14454.2200	86.6793	150.4865
14592.3800	86.7417	146.2484
14731.8600	86.7606	141.6691
14872.6700	86.7596	137.2861
15014.8300	86.7459	132.7435
15158.3500	86.6985	127.9935
15303.2400	86.6204	123.0596
15449.5100	86.4917	117.9529
15597.1900	86.3096	113.3261
15746.2700	86.1313	108.8014
15896.7800	85.9071	103.7058
16048.7300	85.6086	99.0190
16202.1300	85.3064	94.0970
16357.0000	84.8816	88.9073
16513.3400	84.3809	85.5504
16671.1800	83.9303	83.0735
16830.5300	83.4457	80.9566
16991.4100	82.9848	80.8040
17153.8200	82.6690	81.1882
17317.7800	82.3854	82.1620
17483.3100	82.2840	83.7148
17650.4200	82.2760	84.5973
17819.1300	82.3804	85.2105
17989.4600	82.5874	84.6292
18161.4100	82.8203	82.6846
18335.0000	83.0632	79.2836
18510.2500	83.2261	75.1362
18687.1800	83.3687	70.8198
18865.8000	83.4576	66.1782
19046.1300	83.5229	61.3176
19228.1800	83.5420	55.7457
19411.9700	83.4774	50.0978
19597.5200	83.3786	44.3659
19784.8400	83.1957	38.7769
19973.9500	82.9999	33.1577
20164.8700	82.7134	27.6058
20357.6200	82.4135	22.2908
20552.2000	82.0363	17.2859
20748.6500	81.6589	13.3539
20946.9700	81.3138	9.4240
21147.1900	80.9522	5.3424
21349.3300	80.6024	0.6262
21553.3900	80.1584	-4.2071
21759.4100	79.7079	-8.6469
21967.3900	79.2002	-13.1224
22177.3700	78.6611	-17.2647
22389.3500	78.0823	-21.3465
22603.3500	77.4468	-25.1141
22819.4100	76.7664	-28.1456
23037.5200	76.0611	-30.1112
23257.7300	75.3696	-30.9660
23480.0300	74.7069	-30.3977
23704.4600	74.1469	-28.3144
23931.0400	73.7205	-24.5759
24159.7800	73.5432	-20.4337
24390.7100	73.5306	-17.1379
24623.8500	73.6889	-14.7742
24859.2100	73.9654	-14.3070
25096.8300	74.2728	-15.9640
25336.7100	74.5399	-18.8903
25578.8900	74.7775	-22.6861
25823.3900	74.9462	-27.2221
26070.2200	75.0544	-31.8703
26319.4100	75.1275	-36.9447
26570.9800	75.1245	-42.4408
26824.9600	75.0643	-48.2016
27081.3600	74.9156	-54.1662
27340.2100	74.6923	-60.1616
27601.5400	74.3679	-65.6838
27865.3700	74.0009	-70.6482
28131.7200	73.5553	-74.4698
28400.6100	73.1472	-76.7643
28672.0800	72.7847	-78.4065
28946.1400	72.4802	-79.2645
29222.8200	72.2724	-79.5928
29502.1400	72.1563	-79.8341
29784.1300	72.1301	-79.7468
30068.8200	72.2356	-79.5585
30356.2300	72.4620	-79.6659
30646.3900	72.8304	-81.2060
30939.3200	73.2151	-84.1776
31235.0500	73.6554	-88.3365
31533.6100	74.0616	-93.8309
31835.0200	74.4514	-100.1839
32139.3100	74.7908	-107.9083
32446.5100	75.0196	-115.9956
32756.6500	75.2130	-123.7148
33069.7500	75.3899	-131.8583
33385.8500	75.5268	-140.7105
33704.9600	75.6155	-150.3495
34027.1300	75.6262	-160.7862
34352.3700	75.5473	-171.8924
34680.7300	75.3578	176.5447
35012.2200	75.0619	164.7658
35346.8800	74.6574	152.6239
35684.7400	74.1164	140.5735
36025.8300	73.4775	129.5293
36370.1800	72.8182	118.8839
36717.8200	72.1083	107.5707
37068.7900	71.3095	95.3164
37423.1100	70.3683	82.5140
37780.8100	69.2961	68.8447
38141.9400	67.9933	53.5786
38506.5100	66.3591	36.8629
38874.5700	64.2502	20.7621
39246.1500	61.7011	11.2172
39621.2800	59.1731	12.0568
40000.0000	57.1302	12.3518