Freq	Ohm	Deg
20.0000	4.3253	33.2723
20.1737	4.3536	33.8000
20.3488	4.3742	34.2453
20.5255	4.4020	34.9041
20.7037	4.4366	34.9688
20.8835	4.4475	34.7449
21.0648	4.4517	35.3818
21.2477	4.4779	36.2384
21.4322	4.5064	36.6592
21.6183	4.5348	36.8981
21.8060	4.5565	37.1408
21.9954	4.5795	37.4337
22.1864	4.5984	37.4663
22.3790	4.6048	38.3107
22.5733	4.6491	39.0164
22.7693	4.6728	39.1248
22.9670	4.7020	39.4771
23.1665	4.7259	39.7174
23.3676	4.7492	40.3391
23.5705	4.7888	40.7784
23.7752	4.8167	41.0448
23.9816	4.8522	41.4065
24.1899	4.8823	41.6662
24.3999	4.9152	41.5686
24.6118	4.9226	41.9891
24.8255	4.9621	42.8905
25.0410	5.0017	43.3195
25.2585	5.0429	43.6273
25.4778	5.0822	43.7280
25.6990	5.1110	43.6414
25.9221	5.1282	44.0937
26.1472	5.1660	45.0205
26.3743	5.2167	45.4577
26.6033	5.2583	45.7822
26.8343	5.3103	45.7800
27.0673	5.3324	45.5910
27.3023	5.3545	46.4721
27.5393	5.4151	47.2785
27.7785	5.4651	47.3748
28.0197	5.5073	47.6606
28.2630	5.5576	47.9090
28.5084	5.5971	47.8182
28.7559	5.6215	48.3485
29.0056	5.6766	49.2497
29.2575	5.7385	49.6217
29.5115	5.7933	49.9113
29.7677	5.8537	50.2231
30.0262	5.9110	49.7810
30.2869	5.9196	50.3011
30.5499	5.9937	51.5756
30.8152	6.0680	51.9004
31.0827	6.1379	51.8098
31.3526	6.1856	51.5910
31.6249	6.2197	52.2693
31.8995	6.2966	53.0490
32.1764	6.3610	53.6193
32.4558	6.4529	54.1616
32.7377	6.5351	53.9415
33.0219	6.5872	53.7060
33.3086	6.6307	54.4735
33.5979	6.7204	55.5479
33.8896	6.8201	56.0179
34.1838	6.9175	56.2944
34.4807	7.0166	56.2717
34.7801	7.0909	55.8299
35.0821	7.1315	56.7253
35.3867	7.2600	57.8477
35.6939	7.3652	58.5446
36.0039	7.5256	58.7087
36.3165	7.6237	58.5276
36.6318	7.7533	58.1244
36.9499	7.8029	58.6234
37.2707	7.9692	60.0636
37.5944	8.1431	59.6715
37.9208	8.2597	58.5475
38.2500	8.3306	57.1967
38.5822	8.3187	56.4949
38.9172	8.3070	58.6947
39.2551	8.4806	61.3121
39.5960	8.6742	61.4230
39.9398	8.8030	61.6272
40.2866	8.9874	61.6664
40.6364	9.0901	61.0376
40.9892	9.1714	62.7287
41.3451	9.4250	64.1999
41.7041	9.6191	64.5062
42.0662	9.8670	65.1475
42.4315	10.1152	64.6017
42.7999	10.2811	63.4943
43.1716	10.3779	64.6107
43.5464	10.6621	66.4487
43.9245	10.9525	66.8339
44.3059	11.2509	67.1512
44.6906	11.5744	66.7222
45.0787	11.8131	65.2983
45.4701	11.9315	66.2871
45.8649	12.3020	68.3728
46.2632	12.6938	69.0644
46.6649	13.1472	68.5204
47.0700	13.4565	66.7798
47.4788	13.6369	67.9414
47.8910	14.1348	70.2487
48.3069	14.6742	70.7773
48.7263	15.2546	70.9205
49.1494	15.8641	69.9571
49.5761	16.3266	67.8203
50.0066	16.5668	69.3119
50.4408	17.3590	72.2542
50.8788	18.2106	72.5932
51.3206	19.1302	72.5532
51.7662	20.1160	71.1549
52.2157	20.8877	68.3285
52.6691	21.3412	69.7643
53.1264	22.6431	73.0387
53.5877	24.1235	73.1897
54.0530	25.7408	72.7814
54.5223	27.5751	70.1019
54.9958	28.9203	64.3889
55.4733	29.3405	66.2224
55.9549	31.8683	71.3060
56.4408	34.7362	71.0342
56.9309	38.1124	69.9560
57.4252	42.0399	66.3441
57.9238	45.7573	56.6702
58.4268	46.7307	54.9097
58.9341	51.9925	57.9316
59.4458	57.7079	52.3119
59.9620	63.3920	44.6455
60.4826	69.0417	31.8289
61.0078	70.8225	17.8384
61.5375	71.5081	7.9400
62.0719	71.6033	-2.8596
62.6108	69.6094	-14.3715
63.1545	66.2338	-22.6762
63.7029	63.2174	-29.7528
64.2560	59.3907	-32.7840
64.8139	58.5811	-40.0726
65.3767	53.9047	-51.3879
65.9444	49.3687	-56.3623
66.5170	45.2373	-59.8784
67.0945	41.4703	-61.4503
67.6771	38.5009	-57.6639
68.2647	38.0885	-60.9069
68.8575	35.0779	-70.0080
69.4554	31.9685	-69.4476
70.0584	30.4131	-69.8731
70.6668	28.0455	-68.7972
71.2804	27.4378	-68.7869
71.8993	25.7252	-73.7628
72.5236	24.0422	-74.5425
73.1533	22.6098	-74.3630
73.7885	21.3204	-73.0793
74.4292	20.4082	-69.7688
75.0755	20.1094	-71.0342
75.7274	19.0797	-74.6305
76.3849	18.1207	-74.8596
77.0481	17.2350	-74.5369
77.7171	16.4496	-73.0399
78.3920	15.8976	-70.2261
79.0726	15.6953	-71.1992
79.7592	15.0229	-73.7731
80.4518	14.4087	-73.6535
81.1503	13.8247	-73.2013
81.8550	13.3015	-71.7583
82.5657	12.9256	-69.2007
83.2826	12.7909	-69.7912
84.0058	12.3320	-71.8121
84.7352	11.8971	-71.4391
85.4709	11.4973	-70.7913
86.2131	11.1232	-69.2826
86.9617	10.8685	-66.8193
87.7168	10.7708	-66.8452
88.4784	10.4761	-67.6297
89.2467	10.2401	-66.7384
90.0216	10.0273	-66.2741
90.8032	9.8111	-65.5984
91.5917	9.6345	-64.1906
92.3870	9.5534	-64.3705
93.1892	9.3368	-65.0047
93.9983	9.1630	-64.5035
94.8145	8.9876	-64.4691
95.6378	8.7958	-64.0008
96.4682	8.6399	-62.5724
97.3058	8.5792	-62.9990
98.1507	8.3689	-64.1735
99.0030	8.1681	-63.3003
99.8626	8.0041	-60.5625
100.7297	8.0374	-60.4036
101.6044	7.8773	-62.3702
102.4866	7.7111	-62.2706
103.3765	7.5453	-61.7294
104.2741	7.4035	-60.7089
105.1795	7.2933	-59.2490
106.0928	7.2516	-59.2542
107.0140	7.1195	-59.9226
107.9432	6.9958	-59.4673
108.8804	6.8765	-58.8289
109.8259	6.7747	-58.0870
110.7795	6.6792	-56.8234
111.7414	6.6495	-56.5830
112.7116	6.5513	-57.2476
113.6903	6.4443	-56.9160
114.6775	6.3442	-56.0504
115.6732	6.2706	-54.7271
116.6776	6.2438	-54.6745
117.6907	6.1537	-55.1966
118.7126	6.0637	-54.6639
119.7434	5.9878	-54.1888
120.7831	5.9049	-53.5941
121.8319	5.8404	-52.5461
122.8897	5.8034	-52.2403
123.9568	5.7374	-52.4330
125.0331	5.6625	-52.1213
126.1188	5.5914	-51.5168
127.2138	5.5285	-50.7728
128.3184	5.4742	-49.6352
129.4326	5.4592	-49.4653
130.5565	5.3946	-49.7912
131.6901	5.3349	-49.3169
132.8336	5.2762	-48.8577
133.9870	5.2180	-48.1007
135.1504	5.1753	-47.0292
136.3239	5.1587	-46.8081
137.5076	5.1079	-46.9965
138.7016	5.0557	-46.5493
139.9059	5.0076	-45.9970
141.1207	4.9625	-45.3089
142.3460	4.9265	-44.3446
143.5820	4.9140	-44.1355
144.8288	4.8694	-44.2763
146.0863	4.8257	-43.8249
147.3548	4.7834	-43.2684
148.6342	4.7474	-42.6502
149.9248	4.7141	-41.7832
151.2266	4.7017	-41.3826
152.5397	4.6715	-41.5208
153.8642	4.6298	-41.2160
155.2002	4.5935	-40.6414
156.5478	4.5589	-39.9569
157.9071	4.5339	-39.0315
159.2782	4.5259	-38.6786
160.6612	4.4987	-38.6481
162.0563	4.4701	-38.1608
163.4634	4.4468	-37.5748
164.8827	4.4269	-37.0261
166.3144	4.4113	-36.4601
167.7585	4.4038	-36.4827
169.2151	4.3707	-36.5740
170.6844	4.3401	-36.0967
172.1665	4.3123	-35.4811
173.6614	4.2924	-34.7463
175.1693	4.2828	-34.4422
176.6903	4.2607	-34.3768
178.2245	4.2363	-34.0640
179.7720	4.2104	-33.5764
181.3330	4.1907	-32.9937
182.9075	4.1732	-32.3082
184.4957	4.1689	-32.0459
186.0976	4.1471	-32.0299
187.7135	4.1252	-31.6156
189.3434	4.1054	-31.1534
190.9875	4.0876	-30.6288
192.6458	4.0736	-29.9990
194.3186	4.0681	-29.7370
196.0059	4.0498	-29.5829
197.7078	4.0343	-29.2119
199.4245	4.0172	-28.8792
201.1561	3.9996	-28.3664
202.9027	3.9883	-27.7727
204.6645	3.9821	-27.5748
206.4416	3.9635	-27.3714
208.2341	3.9498	-26.9381
210.0422	3.9351	-26.5928
211.8660	3.9201	-26.1011
213.7056	3.9092	-25.4880
215.5612	3.9056	-25.1885
217.4330	3.8919	-25.0061
219.3209	3.8802	-24.6172
221.2253	3.8676	-24.1741
223.1462	3.8591	-23.6869
225.0838	3.8515	-23.2269
227.0381	3.8480	-22.9548
229.0095	3.8373	-22.7439
230.9980	3.8277	-22.3691
233.0038	3.8188	-22.0025
235.0269	3.8100	-21.6197
237.0677	3.8023	-21.1334
239.1261	3.8005	-20.8702
241.2024	3.7902	-20.7284
243.2968	3.7802	-20.3831
245.4093	3.7706	-20.0011
247.5402	3.7622	-19.5539
249.6896	3.7567	-19.0819
251.8577	3.7542	-18.8020
254.0445	3.7466	-18.5888
256.2504	3.7386	-18.2355
258.4754	3.7319	-17.8374
260.7198	3.7264	-17.4033
262.9836	3.7240	-17.0902
265.2671	3.7182	-16.8368
267.5704	3.7121	-16.4706
269.8937	3.7080	-16.0698
272.2372	3.7050	-15.6876
274.6010	3.7033	-15.3413
276.9854	3.7025	-15.1406
279.3904	3.6969	-14.9904
281.8163	3.6898	-14.7067
284.2633	3.6834	-14.3552
286.7316	3.6781	-13.9730
289.2213	3.6743	-13.5467
291.7326	3.6735	-13.2297
294.2657	3.6701	-12.9864
296.8208	3.6664	-12.6545
299.3981	3.6641	-12.3341
301.9977	3.6615	-12.0973
304.6200	3.6560	-11.7368
307.2650	3.6558	-11.3881
309.9330	3.6523	-11.1010
312.6241	3.6512	-10.7478
315.3386	3.6504	-10.5030
318.0767	3.6472	-10.2618
320.8386	3.6440	-9.9196
323.6244	3.6429	-9.5922
326.4344	3.6411	-9.3159
329.2689	3.6392	-9.0106
332.1279	3.6376	-8.6590
335.0117	3.6384	-8.3840
337.9207	3.6363	-8.1111
340.8548	3.6365	-7.8325
343.8145	3.6343	-7.5950
346.7998	3.6326	-7.2728
349.8110	3.6321	-6.9970
352.8484	3.6299	-6.6971
355.9122	3.6302	-6.3668
359.0026	3.6292	-6.0750
362.1198	3.6294	-5.7714
365.2641	3.6291	-5.3484
368.4357	3.6358	-5.2184
371.6348	3.6292	-5.0852
374.8617	3.6300	-4.6345
378.1166	3.6310	-4.3878
381.3998	3.6301	-4.1017
384.7115	3.6313	-3.7772
388.0519	3.6324	-3.5057
391.4214	3.6331	-3.2333
394.8201	3.6339	-2.9153
398.2483	3.6365	-2.6370
401.7063	3.6376	-2.3945
405.1943	3.6388	-2.1152
408.7126	3.6403	-1.8305
412.2614	3.6423	-1.5643
415.8411	3.6436	-1.2976
419.4518	3.6452	-0.9787
423.0939	3.6489	-0.6999
426.7676	3.6509	-0.4757
430.4732	3.6528	-0.1916
434.2110	3.6559	0.0653
437.9813	3.6577	0.3392
441.7842	3.6615	0.6657
445.6202	3.6655	0.9244
449.4896	3.6697	1.1382
453.3925	3.6726	1.3281
457.3293	3.6747	1.5259
461.3003	3.6760	1.7799
465.3057	3.6784	2.0601
469.3459	3.6812	2.2854
473.4213	3.6826	2.5516
477.5320	3.6859	2.8202
481.6784	3.6881	3.0587
485.8608	3.6905	3.3555
490.0795	3.6943	3.6550
494.3349	3.6985	3.9405
498.6272	3.7036	4.1895
502.9567	3.7078	4.3949
507.3239	3.7112	4.6050
511.7290	3.7139	4.8740
516.1723	3.7184	5.1678
520.6542	3.7231	5.4119
525.1750	3.7275	5.6445
529.7352	3.7317	5.8781
534.3348	3.7357	6.1113
538.9744	3.7394	6.3692
543.6544	3.7438	6.6765
548.3749	3.7500	6.9608
553.1364	3.7562	7.1685
557.9393	3.7609	7.3581
562.7839	3.7649	7.5668
567.6705	3.7683	7.8820
572.5995	3.7754	8.2117
577.5715	3.7821	8.4553
582.5865	3.7893	8.6800
587.6451	3.7954	8.8419
592.7476	3.7992	9.1686
597.8944	3.8097	9.4893
603.0859	3.8173	9.6506
608.3225	3.8249	9.7982
613.6046	3.8298	9.9754
618.9324	3.8358	10.2374
624.3066	3.8428	10.3943
629.7275	3.8460	10.6042
635.1954	3.8523	11.1899
640.7108	3.8731	11.0572
646.2740	3.8633	10.9262
651.8857	3.8693	11.4257
657.5460	3.8730	11.7058
663.2554	3.8802	12.0464
669.0145	3.8884	12.3160
674.8235	3.8969	12.5264
680.6830	3.9040	12.6932
686.5933	3.9098	12.8638
692.5550	3.9142	13.1917
698.5685	3.9245	13.5204
704.6341	3.9332	13.7259
710.7524	3.9418	13.9593
716.9239	3.9510	14.1464
723.1489	3.9581	14.2817
729.4280	3.9632	14.5896
735.7616	3.9741	14.9129
742.1502	3.9837	15.1138
748.5943	3.9931	15.3719
755.0944	4.0046	15.5160
761.6508	4.0106	15.6333
768.2642	4.0173	15.9603
774.9350	4.0285	16.2843
781.6638	4.0396	16.5102
788.4509	4.0506	16.7052
795.2971	4.0608	16.8697
802.2026	4.0696	17.0156
809.1681	4.0765	17.3022
816.1941	4.0884	17.6664
823.2811	4.1019	17.9040
830.4296	4.1146	18.0418
837.6403	4.1244	18.1149
844.9135	4.1300	18.4448
852.2498	4.1455	18.8614
859.6499	4.1603	19.0693
867.1142	4.1749	19.2695
874.6434	4.1894	19.4113
882.2379	4.2012	19.4525
889.8983	4.2079	19.7558
897.6253	4.2247	20.2140
905.4194	4.2437	20.4497
913.2811	4.2614	20.6219
921.2111	4.2799	20.7077
929.2100	4.2938	20.6600
937.2783	4.3016	20.9298
945.4166	4.3213	21.3208
953.6257	4.3403	21.5016
961.9060	4.3613	21.6063
970.2582	4.3797	21.6031
978.6829	4.3962	21.2086
987.1808	4.3892	20.9587
995.7525	4.3873	21.6692
1004.4000	4.4088	22.0480
1013.1000	4.4154	22.2050
1021.9000	4.4341	22.6310
1030.8000	4.4534	22.8625
1039.7000	4.4745	23.0315
1048.8000	4.4951	22.9991
1057.9000	4.5080	22.8153
1067.1000	4.5129	22.9522
1076.3000	4.5275	23.2414
1085.7000	4.5407	23.3755
1095.1000	4.5540	23.6100
1104.6000	4.5720	23.8156
1114.2000	4.5894	23.6871
1123.9000	4.5936	23.7939
1133.6000	4.6105	24.0522
1143.5000	4.6213	24.1081
1153.4000	4.6332	24.2182
1163.4000	4.6425	24.4035
1173.5000	4.6564	24.5421
1183.7000	4.6641	24.8363
1194.0000	4.6840	25.2226
1204.4000	4.7033	25.4050
1214.8000	4.7238	25.4293
1225.4000	4.7363	25.3145
1236.0000	4.7421	25.6282
1246.7000	4.7639	26.1237
1257.6000	4.7880	26.2907
1268.5000	4.8091	26.3859
1279.5000	4.8307	26.4722
1290.6000	4.8502	26.3962
1301.8000	4.8603	26.6488
1313.1000	4.8878	27.0897
1324.5000	4.9166	27.1555
1336.0000	4.9414	27.1662
1347.6000	4.9676	27.1040
1359.3000	4.9877	26.7761
1371.1000	4.9933	26.8778
1383.0000	5.0190	27.1991
1395.0000	5.0425	27.0675
1407.1000	5.0596	26.8504
1419.4000	5.0724	26.7143
1431.7000	5.0843	26.4804
1444.1000	5.0857	26.3253
1456.7000	5.0908	26.2475
1469.3000	5.0890	26.0931
1482.1000	5.0843	26.0986
1494.9000	5.0811	26.1719
1507.9000	5.0768	26.3530
1521.0000	5.0788	26.5441
1534.2000	5.0788	26.5442
1547.5000	5.0721	26.7108
1561.0000	5.0731	27.0006
1574.5000	5.0733	27.2140
1588.2000	5.0751	27.4397
1602.0000	5.0762	27.6805
1615.9000	5.0791	27.9560
1629.9000	5.0818	28.3287
1644.1000	5.0914	28.7607
1658.4000	5.1044	29.0530
1672.8000	5.1154	29.1667
1687.3000	5.1192	29.4919
1701.9000	5.1339	29.9944
1716.7000	5.1514	30.3392
1731.6000	5.1702	30.6646
1746.7000	5.1920	30.8419
1761.8000	5.2065	30.8686
1777.1000	5.2150	31.2452
1792.5000	5.2385	31.7219
1808.1000	5.2611	32.0123
1823.8000	5.2870	32.2461
1839.6000	5.3103	32.3096
1855.6000	5.3272	32.2667
1871.7000	5.3355	32.6262
1888.0000	5.3627	33.1571
1904.4000	5.3904	33.3616
1920.9000	5.4154	33.5531
1937.6000	5.4433	33.6422
1954.4000	5.4630	33.5163
1971.4000	5.4715	33.8190
1988.5000	5.5000	34.3311
2005.8000	5.5289	34.5378
2023.2000	5.5576	34.5539
2040.8000	5.5764	34.4331
2058.5000	5.5862	34.8255
2076.3000	5.6203	35.2644
2094.4000	5.6464	35.4103
2112.6000	5.6775	35.5676
2130.9000	5.7041	35.5277
2149.4000	5.7228	35.4034
2168.1000	5.7312	35.7406
2186.9000	5.7623	36.2692
2205.9000	5.7939	36.4338
2225.0000	5.8228	36.5749
2244.4000	5.8536	36.6102
2263.8000	5.8754	36.4769
2283.5000	5.8869	36.7538
2303.3000	5.9182	37.1486
2323.3000	5.9452	37.3600
2343.5000	5.9787	37.5528
2363.9000	6.0090	37.5612
2384.4000	6.0326	37.4199
2405.1000	6.0427	37.7077
2426.0000	6.0769	38.2131
2447.0000	6.1108	38.3674
2468.3000	6.1429	38.5171
2489.7000	6.1770	38.5717
2511.3000	6.2032	38.3885
2533.1000	6.2141	38.6864
2555.1000	6.2524	39.1985
2577.3000	6.2892	39.3236
2599.7000	6.3238	39.4277
2622.3000	6.3590	39.4347
2645.0000	6.3854	39.2556
2668.0000	6.3977	39.5272
2691.2000	6.4359	40.0156
2714.5000	6.4735	40.1784
2738.1000	6.5116	40.3147
2761.9000	6.5506	40.2556
2785.9000	6.5760	39.9909
2810.1000	6.5867	40.2728
2834.5000	6.6257	40.7803
2859.1000	6.6644	40.9086
2883.9000	6.7005	41.0480
2908.9000	6.7406	41.0528
2934.2000	6.7689	40.8165
2959.7000	6.7816	41.0763
2985.4000	6.8214	41.5757
3011.3000	6.8622	41.7591
3037.4000	6.9038	41.8871
3063.8000	6.9453	41.8908
3090.4000	6.9779	41.6728
3117.2000	6.9924	41.9112
3144.3000	7.0359	42.4301
3171.6000	7.0822	42.5965
3199.2000	7.1274	42.6916
3226.9000	7.1727	42.6039
3255.0000	7.2032	42.3562
3283.2000	7.2199	42.6007
3311.7000	7.2633	43.1183
3340.5000	7.3141	43.2850
3369.5000	7.3601	43.2074
3398.7000	7.3952	42.9619
3428.3000	7.4119	43.2513
3458.0000	7.4639	43.7625
3488.0000	7.5141	43.8667
3518.3000	7.5628	43.9772
3548.9000	7.6151	43.9052
3579.7000	7.6511	43.6314
3610.8000	7.6717	43.9229
3642.1000	7.7273	44.3952
3673.8000	7.7807	44.5644
3705.7000	7.8420	44.6188
3737.8000	7.8949	44.4455
3770.3000	7.9366	44.1239
3803.0000	7.9570	44.3218
3836.0000	8.0143	44.7898
3869.4000	8.0738	44.8530
3902.9000	8.1316	44.7988
3936.8000	8.1858	44.5263
3971.0000	8.2212	44.0490
4005.5000	8.2324	44.0592
4040.3000	8.2715	44.2797
4075.4000	8.3028	44.2752
4110.8000	8.3364	44.3442
4146.4000	8.3702	44.2901
4182.4000	8.3916	44.2298
4218.8000	8.4107	44.5831
4255.4000	8.4563	45.0176
4292.3000	8.5038	45.2483
4329.6000	8.5583	45.4437
4367.2000	8.6144	45.3696
4405.1000	8.6519	45.1021
4443.4000	8.6717	45.4267
4482.0000	8.7331	45.9296
4520.9000	8.7924	46.0571
4560.1000	8.8544	46.0969
4599.7000	8.9102	45.9981
4639.7000	8.9566	45.6658
4680.0000	8.9708	45.9120
4720.6000	9.0368	46.4487
4761.6000	9.0975	46.5249
4802.9000	9.1592	46.6193
4844.6000	9.2233	46.5325
4886.7000	9.2708	46.2022
4929.1000	9.2935	46.4404
4971.9000	9.3613	46.9342
5015.1000	9.4292	47.0315
5058.6000	9.4976	47.0558
5102.6000	9.5639	46.8950
5146.9000	9.6125	46.5272
5191.6000	9.6339	46.7718
5236.6000	9.7064	47.2815
5282.1000	9.7791	47.3230
5328.0000	9.8491	47.1595
5374.2000	9.9006	46.7769
5420.9000	9.9230	47.0022
5468.0000	9.9975	47.5502
5515.4000	10.0777	47.6204
5563.3000	10.1527	47.5617
5611.6000	10.2257	47.3704
5660.4000	10.2806	46.9271
5709.5000	10.3016	47.0855
5759.1000	10.3778	47.4529
5809.1000	10.4417	47.3925
5859.5000	10.5069	47.3918
5910.4000	10.5723	47.2066
5961.7000	10.6156	46.8716
6013.5000	10.6380	47.1165
6065.7000	10.7097	47.5387
6118.4000	10.7784	47.6369
6171.5000	10.8546	47.6949
6225.1000	10.9274	47.5207
6279.2000	10.9803	47.1601
6333.7000	11.0047	47.4182
6388.7000	11.0887	47.8760
6444.1000	11.1654	47.9143
6500.1000	11.2465	47.9576
6556.5000	11.3287	47.7639
6613.5000	11.3856	47.3407
6670.9000	11.4118	47.5364
6728.8000	11.4937	48.0199
6787.2000	11.5802	48.0999
6846.2000	11.6675	48.0773
6905.6000	11.7515	47.8566
6965.6000	11.8132	47.4296
7026.1000	11.8406	47.5824
7087.1000	11.9248	48.0350
7148.6000	12.0133	48.0724
7210.7000	12.0992	48.0123
7273.3000	12.1820	47.8642
7336.4000	12.2520	47.3942
7400.1000	12.2688	47.6020
7464.4000	12.3709	48.1476
7529.2000	12.4655	48.1010
7594.6000	12.5583	48.0244
7660.5000	12.6473	47.7544
7727.1000	12.7086	47.3182
7794.1000	12.7394	47.4685
7861.8000	12.8279	47.8707
7930.1000	12.9195	47.8968
7998.9000	13.0098	47.8831
8068.4000	13.1036	47.6833
8138.5000	13.1704	47.2702
8209.1000	13.2050	47.4514
8280.4000	13.3046	47.8841
8352.3000	13.4072	47.8813
8424.8000	13.5052	47.8078
8498.0000	13.6037	47.5414
8571.8000	13.6700	47.1093
8646.2000	13.7074	47.3125
8721.3000	13.8137	47.7348
8797.0000	13.9218	47.7017
8873.4000	14.0256	47.4259
8950.4000	14.0983	46.9683
9028.1000	14.1352	47.1584
9106.5000	14.2469	47.6053
9185.6000	14.3608	47.5856
9265.4000	14.4713	47.4887
9345.8000	14.5805	47.2168
9427.0000	14.6610	46.7309
9508.8000	14.6989	46.8746
9591.4000	14.8153	47.2792
9674.7000	14.9308	47.2379
9758.7000	15.0461	47.1379
9843.4000	15.1588	46.8399
9928.9000	15.2363	46.9030
10015.1000	15.3814	46.9383
10102.0000	15.4913	46.4003
10189.8000	15.5666	45.8242
10278.2000	15.5995	45.8304
10367.5000	15.7005	46.0864
10457.5000	15.7986	45.9859
10548.3000	15.8963	45.8526
10639.9000	15.9905	45.5878
10732.3000	16.0617	45.1719
10825.5000	16.0946	45.3120
10919.5000	16.2064	45.6840
11014.3000	16.3199	45.6498
11109.9000	16.4340	45.5405
11206.4000	16.5455	45.2670
11303.7000	16.6287	44.7991
11401.8000	16.6665	44.9094
11500.8000	16.7880	45.2729
11600.7000	16.9096	45.2468
11701.4000	17.0388	45.1846
11803.0000	17.1709	44.8829
11905.5000	17.2686	44.2725
12008.9000	17.3071	43.7710
12113.2000	17.3216	44.6120
12218.3000	17.5519	45.0682
12324.4000	17.6739	44.2958
12431.5000	17.7628	43.7669
12539.4000	17.8039	43.8403
12648.3000	17.9327	44.1822
12758.1000	18.0660	44.1130
12868.9000	18.1984	43.9465
12980.6000	18.3239	43.6130
13093.3000	18.4179	43.1045
13207.0000	18.4619	43.2048
13321.7000	18.6051	43.5643
13437.4000	18.7505	43.4507
13554.0000	18.8916	43.2211
13671.7000	19.0216	42.8225
13790.4000	19.1144	42.2757
13910.2000	19.1586	42.3392
14031.0000	19.2980	42.6488
14152.8000	19.4387	42.5508
14275.7000	19.5825	42.3882
14399.6000	19.7239	42.0164
14524.7000	19.8259	41.4581
14650.8000	19.8757	41.5077
14778.0000	20.0257	41.7919
14906.3000	20.1751	41.6724
15035.8000	20.3300	41.4844
15166.3000	20.4809	41.0821
15298.0000	20.5912	40.4610
15430.8000	20.6387	40.4569
15564.8000	20.7943	40.7236
15700.0000	20.9491	40.5687
15836.3000	21.1096	40.3434
15973.8000	21.2635	39.8944
16112.5000	21.3728	39.2413
16252.4000	21.4207	39.2134
16393.5000	21.5792	39.4551
16535.9000	21.7416	39.2395
16679.4000	21.8984	38.8150
16824.3000	22.0154	38.1622
16970.4000	22.0643	38.1185
17117.7000	22.2297	38.3587
17266.3000	22.3994	38.1452
17416.3000	22.5660	37.8563
17567.5000	22.7308	37.3786
17720.0000	22.8509	36.6779
17873.9000	22.9040	36.5946
18029.1000	23.0788	36.7662
18185.6000	23.2512	36.4848
18343.5000	23.4234	36.1355
18502.8000	23.5916	35.5982
18663.5000	23.7163	34.8318
18825.5000	23.7697	34.6820
18989.0000	23.9519	34.7593
19153.9000	24.1249	34.3681
19320.2000	24.3002	33.9234
19487.9000	24.4713	33.2721
19657.2000	24.6018	32.3361
19827.8000	24.6494	31.7658
20000.0000	24.7694	31.2222
		
