Freq	Ohm	Deg
20.0000	9.4914	36.1205
20.1737	9.5510	36.7638
20.3488	9.5948	37.0832
20.5255	9.6202	38.0746
20.7037	9.7115	38.7263
20.8835	9.7431	39.4807
21.0648	9.8583	40.1331
21.2478	9.9074	40.0390
21.4322	9.9514	40.7272
21.6183	10.0234	41.6724
21.8061	10.1198	42.2118
21.9954	10.1971	42.5512
22.1864	10.2786	43.1912
22.3790	10.3855	42.8884
22.5733	10.3734	43.5568
22.7693	10.5064	44.9723
22.9670	10.6149	45.0092
23.1665	10.6938	45.4430
23.3676	10.8090	45.8841
23.5705	10.9008	45.3948
23.7752	10.9011	45.9436
23.9816	11.0076	47.4887
24.1899	11.1507	47.9863
24.3999	11.2619	48.1491
24.6118	11.3754	48.3586
24.8255	11.4694	48.1837
25.0410	11.5059	48.8706
25.2585	11.6357	50.1200
25.4778	11.7836	50.5725
25.6990	11.9153	50.9497
25.9221	12.0666	51.0449
26.1472	12.1678	50.6584
26.3743	12.2128	51.1228
26.6033	12.3206	52.7347
26.8343	12.5385	53.4582
27.0673	12.6917	53.1666
27.3023	12.8133	52.9054
27.5394	12.8715	53.7247
27.7785	13.0570	54.9125
28.0197	13.2311	55.4211
28.2630	13.4306	55.8172
28.5084	13.6140	55.7768
28.7559	13.7585	55.4361
29.0056	13.8277	56.3361
29.2575	14.0553	57.6227
29.5115	14.2666	58.0643
29.7677	14.4988	58.5661
30.0262	14.7427	58.4750
30.2869	14.9112	57.9928
30.5499	15.0123	58.8267
30.8152	15.2634	60.2323
31.0827	15.5452	60.7167
31.3526	15.8136	61.1434
31.6249	16.1243	61.0329
31.8995	16.3294	60.2799
32.1765	16.4383	61.2219
32.4558	16.7636	62.6610
32.7377	17.0833	63.1069
33.0219	17.4316	63.1158
33.3086	17.7025	62.3198
33.5979	17.8152	63.3387
33.8896	18.2240	65.1186
34.1839	18.6310	65.6035
34.4807	19.0640	65.9738
34.7801	19.5008	65.8140
35.0821	19.8576	64.9891
35.3867	20.0395	65.8687
35.6939	20.5281	67.7711
36.0039	21.0811	68.5224
36.3165	21.6788	68.7094
36.6318	22.2382	68.3240
36.9499	22.7157	67.2569
37.2707	22.9351	68.3899
37.5944	23.6487	70.6107
37.9208	24.4017	71.0536
38.2501	25.1759	71.3462
38.5822	26.0092	70.8150
38.9172	26.6411	69.2264
39.2551	26.9482	70.5848
39.5960	27.9693	73.0685
39.9398	29.0337	73.4241
40.2866	30.1690	72.7264
40.6364	31.0361	70.9123
40.9892	31.5034	72.4053
41.3451	32.9010	75.1822
41.7041	34.3921	75.7983
42.0662	36.0630	76.1051
42.4315	37.8476	75.0011
42.7999	39.2703	72.3778
43.1716	39.9935	73.9553
43.5464	42.2888	77.3824
43.9245	44.8249	77.9427
44.3059	47.7178	77.9351
44.6906	50.8481	75.9581
45.0787	53.3542	71.9196
45.4701	54.6309	72.3072
45.8649	57.9333	76.7229
46.2632	62.7930	78.4676
46.6649	68.3253	78.4852
47.0701	74.9549	76.7205
47.4788	81.5138	68.9752
47.8910	83.2012	69.4661
48.3069	92.9936	75.7648
48.7263	104.8327	73.7958
49.1494	117.8022	71.0186
49.5762	134.4446	65.9103
50.0066	151.4291	50.1292
50.4408	153.5392	43.4720
50.8788	173.0183	43.4921
51.3206	192.3845	26.5226
51.7662	195.4690	7.7789
52.2157	194.2590	-5.2500
52.6691	189.3912	-17.5044
53.1264	181.3652	-29.7530
53.5877	169.5872	-43.7060
54.0530	151.1473	-53.8518
54.5223	135.8091	-57.4363
54.9958	123.7729	-54.7108
55.4733	121.7385	-60.5330
55.9550	109.1803	-72.1464
56.4408	98.2707	-75.4711
56.9309	88.6627	-77.4818
57.4252	80.4503	-77.5066
57.9238	74.1192	-71.9705
58.4268	73.3243	-74.0901
58.9341	67.2097	-82.7872
59.4458	61.0576	-81.1789
59.9620	58.2245	-82.5187
60.4826	52.6068	-83.0049
61.0078	50.0997	-76.6524
61.5375	49.1286	-78.3444
62.0719	46.0397	-82.3977
62.6108	43.2637	-82.1035
63.1545	40.8776	-80.1707
63.7029	39.3105	-76.7768
64.2560	38.7123	-78.0348
64.8139	36.7521	-81.1841
65.3767	34.9800	-81.1497
65.9444	33.3277	-80.6102
66.5170	31.8915	-78.8996
67.0945	30.9029	-75.9367
67.6771	30.5630	-75.7323
68.2647	29.7126	-80.1739
68.8575	27.9089	-81.1127
69.4554	26.8537	-78.3848
70.0585	25.9955	-77.1666
70.6668	25.2201	-74.9433
71.2804	24.9591	-75.0504
71.8993	24.1085	-76.6921
72.5236	23.3436	-76.3943
73.1533	22.5829	-75.9002
73.7885	21.8962	-74.4928
74.4292	21.4135	-72.2628
75.0755	21.2119	-72.3372
75.7274	20.6395	-73.6860
76.3849	20.0520	-73.3682
77.0481	19.5177	-72.1827
77.7172	19.1324	-70.1957
78.3920	18.9806	-70.3045
79.0726	18.5101	-71.5156
79.7592	18.0440	-71.2427
80.4518	17.6006	-70.6490
81.1503	17.1943	-69.4908
81.8550	16.9015	-67.6372
82.5657	16.7905	-67.6857
83.2826	16.4200	-68.6464
84.0058	16.0652	-68.2952
84.7352	15.7184	-67.7327
85.4709	15.3991	-66.5937
86.2131	15.1760	-64.8322
86.9617	15.0988	-64.9213
87.7168	14.7915	-65.7583
88.4784	14.5079	-65.1802
89.2467	14.2520	-64.6167
90.0216	13.9937	-63.6708
90.8032	13.8138	-62.0491
91.5917	13.7497	-61.9812
92.3870	13.5143	-62.6070
93.1892	13.2914	-62.1361
93.9983	13.0802	-61.4621
94.8145	12.8993	-60.8768
95.6378	12.7047	-59.5163
96.4682	12.6637	-59.2368
97.3058	12.4499	-59.8313
98.1507	12.2601	-59.3503
99.0030	12.0596	-58.5386
99.8626	11.9101	-56.5799
100.7297	11.9161	-56.1844
101.6044	11.7530	-56.8181
102.4866	11.6064	-56.0482
103.3765	11.4964	-54.9121
104.2741	11.4514	-54.8093
105.1795	11.3044	-55.2334
106.0928	11.1539	-54.7289
107.0140	11.0281	-54.1197
107.9432	10.9017	-53.4193
108.8804	10.8045	-52.2312
109.8259	10.7746	-52.0525
110.7795	10.6473	-52.3591
111.7414	10.5291	-51.8525
112.7116	10.4193	-51.3223
113.6903	10.3121	-50.5830
114.6775	10.2339	-49.4735
115.6732	10.2071	-49.2532
116.6776	10.1040	-49.4669
117.6907	10.0029	-48.9709
118.7126	9.9120	-48.2319
119.7434	9.8453	-47.2441
120.7831	9.8204	-47.0886
121.8319	9.7247	-47.2116
122.8897	9.6416	-46.7690
123.9568	9.5544	-46.2956
125.0331	9.4764	-45.6050
126.1188	9.4152	-44.6298
127.2138	9.3975	-44.3648
128.3184	9.3196	-44.4602
129.4326	9.2478	-44.0178
130.5565	9.1774	-43.5539
131.6901	9.1100	-42.9158
132.8336	9.0601	-42.0362
133.9870	9.0416	-41.7724
135.1504	8.9764	-41.8153
136.3239	8.9120	-41.4044
137.5076	8.8504	-40.9222
138.7015	8.7924	-40.2879
139.9059	8.7504	-39.4695
141.1207	8.7330	-39.1811
142.3460	8.6782	-39.1560
143.5820	8.6222	-38.6967
144.8287	8.5739	-38.0692
146.0863	8.5383	-37.2905
147.3548	8.5274	-37.0252
148.6342	8.4792	-37.0408
149.9248	8.4290	-36.6566
151.2266	8.3823	-36.1219
152.5397	8.3453	-35.5522
153.8642	8.3133	-34.8968
155.2002	8.3014	-34.6292
156.5478	8.2579	-34.5178
157.9071	8.2205	-34.1257
159.2782	8.1795	-33.6970
160.6612	8.1453	-33.1596
162.0563	8.1165	-32.4864
163.4634	8.1088	-32.1553
164.8827	8.0749	-32.0204
166.3144	8.0447	-31.6246
167.7585	8.0148	-31.3152
169.2152	7.9778	-30.8033
170.6844	7.9594	-30.1465
172.1665	7.9485	-29.8833
173.6614	7.9193	-29.7069
175.1693	7.8903	-29.1910
176.6903	7.8759	-28.7619
178.2245	7.8524	-28.3289
179.7720	7.8453	-28.0254
181.3330	7.8187	-27.8994
182.9075	7.7921	-27.5571
184.4957	7.7663	-27.1602
186.0976	7.7436	-26.7032
187.7135	7.7261	-26.1755
189.3434	7.7190	-25.8773
190.9875	7.6968	-25.6689
192.6458	7.6778	-25.3513
194.3186	7.6539	-24.9971
196.0059	7.6350	-24.5192
197.7078	7.6217	-24.0073
199.4245	7.6169	-23.6839
201.1561	7.6017	-23.4844
202.9027	7.5848	-23.1574
204.6645	7.5698	-22.8373
206.4416	7.5515	-22.4714
208.2341	7.5383	-21.9636
210.0422	7.5350	-21.6261
211.8660	7.5219	-21.4395
213.7056	7.5056	-21.0956
215.5612	7.4940	-20.7213
217.4330	7.4809	-20.3641
219.3209	7.4698	-19.8391
221.2253	7.4729	-19.5025
223.1462	7.4615	-19.3092
225.0837	7.4518	-18.9500
227.0381	7.4422	-18.5590
229.0095	7.4343	-17.7914
230.9980	7.4599	-16.8343
233.0038	7.5104	-16.9112
235.0269	7.5091	-17.1363
237.0677	7.5327	-18.5145
239.1261	7.3976	-18.5453
241.2024	7.3991	-16.6676
243.2968	7.4069	-16.5476
245.4093	7.3847	-16.3051
247.5402	7.3847	-15.7659
249.6896	7.3831	-15.5915
251.8577	7.3707	-15.3368
254.0445	7.3644	-14.8592
256.2504	7.3672	-14.4547
258.4754	7.3704	-14.3265
260.7197	7.3592	-14.1679
262.9836	7.3513	-13.7477
265.2671	7.3515	-13.2622
267.5704	7.3609	-13.0392
269.8937	7.3563	-12.9196
272.2372	7.3531	-12.6055
274.6010	7.3546	-12.5224
276.9853	7.3357	-12.2666
279.3904	7.3358	-11.7740
281.8163	7.3357	-11.4853
284.2633	7.3358	-11.2257
286.7316	7.3340	-10.9353
289.2213	7.3356	-10.6454
291.7326	7.3356	-10.3958
294.2657	7.3357	-10.1477
296.8208	7.3342	-9.8656
299.3981	7.3358	-9.5830
301.9978	7.3357	-9.3016
304.6200	7.3386	-9.0021
307.2650	7.3418	-8.7580
309.9330	7.3434	-8.5380
312.6241	7.3433	-8.2745
315.3386	7.3452	-7.9573
318.0767	7.3498	-7.6558
320.8386	7.3547	-7.3075
323.6244	7.3671	-6.9505
326.4344	7.3827	-6.8597
329.2688	7.3843	-6.9198
332.1279	7.3765	-6.7426
335.0117	7.3749	-6.3814
337.9206	7.3783	-6.0903
340.8548	7.3800	-5.7849
343.8144	7.3877	-5.4418
346.7998	7.3974	-5.1573
349.8110	7.4086	-4.8789
352.8484	7.4230	-4.6625
355.9122	7.4357	-4.6268
359.0026	7.4372	-4.6145
362.1198	7.4356	-4.5001
365.2641	7.4309	-4.2747
368.4357	7.4310	-3.9919
371.6348	7.4311	-3.6460
374.8617	7.4405	-3.2071
378.1166	7.4597	-3.1494
381.3998	7.4550	-3.1404
384.7115	7.4564	-2.8219
388.0519	7.4614	-2.5524
391.4214	7.4664	-2.2705
394.8201	7.4761	-2.0118
398.2483	7.4842	-1.8601
401.7063	7.4873	-1.5836
405.1943	7.5005	-1.3075
408.7126	7.5088	-1.1165
412.2614	7.5201	-0.9667
415.8411	7.5232	-0.8025
419.4518	7.5300	-0.4737
423.0939	7.5432	-0.1824
426.7676	7.5566	0.0085
430.4732	7.5680	0.1915
434.2110	7.5798	0.3886
437.9813	7.5915	0.5288
441.7842	7.5982	0.7621
445.6202	7.6134	1.0090
449.4896	7.6249	1.1641
453.3925	7.6365	1.3779
457.3293	7.6504	1.5810
461.3002	7.6638	1.6756
465.3057	7.6690	1.9538
469.3459	7.6910	2.2456
473.4213	7.7067	2.2922
477.5320	7.7170	2.4142
481.6784	7.7291	2.5463
485.8608	7.7361	2.7078
490.0795	7.7464	3.0074
494.3349	7.7638	3.2754
498.6272	7.7813	3.4786
502.9567	7.8006	3.6822
507.3239	7.8216	3.8014
511.7290	7.8378	3.8065
516.1723	7.8449	4.0164
520.6542	7.8663	4.3574
525.1751	7.8913	4.4651
529.7351	7.9094	4.4825
534.3348	7.9242	4.5131
538.9744	7.9332	4.7529
543.6543	7.9587	4.9938
548.3749	7.9789	5.0485
553.1364	7.9992	5.0630
557.9393	8.0123	5.0502
562.7839	8.0236	5.0568
567.6705	8.0293	5.0930
572.5996	8.0347	5.2418
577.5714	8.0440	5.4076
582.5865	8.0534	5.5233
587.6451	8.0609	5.6822
592.7476	8.0722	5.8155
597.8944	8.0778	6.0369
603.0859	8.0947	6.3448
608.3225	8.1139	6.5720
613.6045	8.1368	6.7781
618.9325	8.1617	6.8424
624.3066	8.1770	6.9759
629.7275	8.2002	8.0866
635.1954	8.3223	7.1162
640.7108	8.2489	5.7706
646.2741	8.2375	6.6585
651.8857	8.2511	6.9351
657.5460	8.2532	7.1584
663.2554	8.2748	7.4420
669.0145	8.2926	7.4419
674.8235	8.3023	7.5075
680.6830	8.3162	7.5987
686.5933	8.3242	7.6821
692.5550	8.3343	7.9113
698.5685	8.3524	8.1442
704.6341	8.3726	8.3285
710.7524	8.3970	8.4681
716.9239	8.4213	8.5219
723.1489	8.4441	8.3763
729.4280	8.4481	8.3024
735.7616	8.4583	8.3658
742.1502	8.4626	8.3876
748.5943	8.4666	8.5024
755.0943	8.4725	8.6796
761.6508	8.4829	8.7935
768.2642	8.4870	8.9962
774.9350	8.5037	9.3005
781.6638	8.5247	9.4171
788.4509	8.5395	9.4991
795.2970	8.5565	9.5736
802.2026	8.5667	9.7149
809.1681	8.5858	9.8825
816.1941	8.6006	9.9701
823.2811	8.6154	10.1807
830.4296	8.6393	10.3041
837.6402	8.6543	10.3049
844.9134	8.6651	10.4998
852.2498	8.6867	10.8018
859.6499	8.7150	10.9352
867.1142	8.7369	10.9944
874.6433	8.7589	11.1102
882.2379	8.7811	11.1947
889.8983	8.7990	11.4660
897.6253	8.8370	11.7462
905.4193	8.8730	11.8301
913.2811	8.9116	11.7293
921.2111	8.9321	11.5130
929.2099	8.9437	11.4978
937.2783	8.9575	11.6572
945.4166	8.9784	11.8927
953.6257	9.0086	11.9950
961.9060	9.0319	12.0159
970.2582	9.0575	11.8965
978.6829	9.0606	11.9010
987.1808	9.0776	11.9240
995.7525	9.0668	12.7916
1004.3990	9.1612	13.4238
1013.1200	9.2051	13.0443
1021.9170	9.2489	12.9609
1030.7900	9.2832	12.7159
1039.7400	9.2982	12.8246
1048.7680	9.3426	13.1111
1057.8750	9.3879	13.0991
1067.0600	9.4309	12.9989
1076.3260	9.4695	12.7573
1085.6710	9.4925	12.4152
1095.0980	9.4977	12.7594
1104.6070	9.5683	12.5410
1114.1980	9.5550	12.1200
1123.8730	9.5837	12.3716
1133.6310	9.6076	12.2529
1143.4750	9.6284	12.0368
1153.4030	9.6336	11.9311
1163.4180	9.6470	12.0433
1173.5200	9.6683	12.1626
1183.7100	9.6981	12.2691
1193.9880	9.7382	11.9138
1204.3550	9.7356	11.5044
1214.8130	9.7383	11.4119
1225.3610	9.7330	11.4924
1236.0010	9.7492	11.5674
1246.7330	9.7547	11.5132
1257.5580	9.7656	11.5294
1268.4780	9.7738	11.6158
1279.4920	9.7955	11.6887
1290.6020	9.8148	11.4738
1301.8080	9.8146	11.3230
1313.1110	9.8201	11.3278
1324.5130	9.8230	11.3307
1336.0140	9.8285	11.5191
1347.6140	9.8535	11.5600
1359.3160	9.8646	11.3985
1371.1190	9.8729	11.2956
1383.0240	9.8755	11.2442
1395.0330	9.8810	11.1837
1407.1460	9.8785	11.1355
1419.3640	9.8785	11.2349
1431.6880	9.8870	11.3339
1444.1200	9.8980	11.2009
1456.6590	9.8896	11.1228
1469.3070	9.8897	11.2401
1482.0650	9.8922	11.3698
1494.9340	9.9034	11.3856
1507.9140	9.9035	11.3293
1521.0080	9.9035	11.3956
1534.2140	9.9064	11.4777
1547.5360	9.9094	11.6297
1560.9730	9.9233	11.6890
1574.5270	9.9261	11.7007
1588.1990	9.9345	11.7808
1601.9890	9.9402	11.7996
1615.8990	9.9430	11.8747
1629.9300	9.9486	12.0745
1644.0830	9.9656	12.2270
1658.3580	9.9797	12.2787
1672.7580	9.9939	12.3237
1687.2820	10.0054	12.3870
1701.9330	10.0197	12.4069
1716.7110	10.0254	12.5246
1731.6170	10.0454	12.6682
1746.6520	10.0596	12.7628
1761.8180	10.0828	12.8212
1777.1160	10.0972	12.8025
1792.5470	10.1119	12.7875
1808.1120	10.1177	12.9010
1823.8110	10.1382	13.1136
1839.6480	10.1616	13.2047
1855.6210	10.1853	13.2530
1871.7330	10.2089	13.2368
1887.9860	10.2268	13.1701
1904.3790	10.2387	13.2022
1920.9150	10.2568	13.2857
1937.5940	10.2747	13.3662
1954.4180	10.2989	13.3655
1971.3880	10.3141	13.2198
1988.5060	10.3172	13.2951
2005.7720	10.3385	13.4056
2023.1880	10.3507	13.4256
2040.7550	10.3691	13.5145
2058.4750	10.3877	13.5702
2076.3490	10.4091	13.4808
2094.3780	10.4124	13.4956
2112.5630	10.4309	13.6847
2130.9070	10.4525	13.7587
2149.4090	10.4745	13.8139
2168.0720	10.4994	13.7590
2186.8980	10.5120	13.6367
2205.8870	10.5183	13.7659
2225.0400	10.5436	13.9272
2244.3600	10.5659	13.9336
2263.8480	10.5882	13.9450
2283.5050	10.6105	13.8731
2303.3330	10.6234	13.7321
2323.3320	10.6267	13.7764
2343.5060	10.6427	13.9578
2363.8540	10.6653	14.0424
2384.3800	10.6881	14.0364
2405.0830	10.7077	13.9662
2425.9670	10.7207	13.8748
2447.0310	10.7272	13.9416
2468.2790	10.7467	14.0639
2489.7110	10.7664	14.0374
2511.3290	10.7798	14.0000
2533.1350	10.7929	13.9475
2555.1300	10.7963	14.0585
2577.3160	10.8194	14.2456
2599.6950	10.8427	14.2285
2622.2680	10.8596	14.1963
2645.0370	10.8764	14.1819
2668.0040	10.8897	14.1271
2691.1700	10.8964	14.2122
2714.5370	10.9167	14.3740
2738.1080	10.9403	14.3811
2761.8830	10.9575	14.3778
2785.8640	10.9781	14.3869
2810.0540	10.9951	14.2761
2834.4530	10.9987	14.3261
2859.0650	11.0192	14.4844
2883.8900	11.0398	14.5182
2908.9310	11.0606	14.5403
2934.1890	11.0817	14.5244
2959.6660	11.0992	14.4067
2985.3650	11.1027	14.4536
3011.2870	11.1237	14.6362
3037.4340	11.1485	14.6109
3063.8080	11.1626	14.6238
3090.4110	11.1875	14.6292
3117.2450	11.2018	14.4833
3144.3120	11.2055	14.5270
3171.6140	11.2234	14.6608
3199.1530	11.2413	14.7424
3226.9310	11.2661	14.7645
3254.9510	11.2843	14.6796
3283.2130	11.2952	14.6977
3311.7210	11.3133	14.8017
3340.4770	11.3353	14.8756
3369.4820	11.3609	14.8333
3398.7390	11.3755	14.7841
3428.2510	11.3939	14.7408
3458.0180	11.4013	14.7870
3488.0440	11.4234	14.9402
3518.3300	11.4494	14.9546
3548.8800	11.4718	14.8751
3579.6950	11.4866	14.8429
3610.7770	11.5053	14.7935
3642.1300	11.5130	14.8532
3673.7540	11.5394	14.9135
3705.6530	11.5547	14.8919
3737.8290	11.5776	14.9313
3770.2850	11.6003	14.8021
3803.0220	11.6077	14.6761
3836.0440	11.6154	14.6692
3869.3520	11.6231	14.7279
3902.9500	11.6384	14.7906
3936.8390	11.6539	14.7669
3971.0220	11.6652	14.7160
4005.5030	11.6731	14.6753
4040.2820	11.6770	14.7745
4075.3640	11.6963	14.8540
4110.7500	11.7082	14.8457
4146.4440	11.7235	14.8319
4182.4470	11.7313	14.7971
4218.7640	11.7387	14.8786
4255.3950	11.7544	14.9422
4292.3450	11.7663	14.9734
4329.6150	11.7820	15.0012
4367.2090	11.7937	15.0296
4405.1290	11.8095	15.0087
4443.3790	11.8135	15.0752
4481.9610	11.8334	15.1981
4520.8770	11.8491	15.2401
4560.1320	11.8692	15.2961
4599.7280	11.8888	15.2625
4639.6670	11.9009	15.1556
4679.9530	11.9009	15.2782
4720.5890	11.9252	15.4606
4761.5780	11.9452	15.4471
4802.9230	11.9612	15.4829
4844.6260	11.9816	15.5150
4886.6920	11.9980	15.4650
4929.1230	12.0059	15.5396
4971.9230	12.0264	15.8824
5015.0940	12.0800	15.7066
5058.6400	12.0716	15.4918
5102.5640	12.0923	15.6450
5146.8690	12.1047	15.6259
5191.5590	12.1173	15.7495
5236.6380	12.1425	15.8433
5282.1070	12.1632	15.9243
5327.9720	12.1967	15.8557
5374.2340	12.2051	15.7557
5420.8990	12.2218	15.9081
5467.9680	12.2516	15.8678
5515.4470	12.2601	15.8459
5563.3370	12.2854	15.9295
5611.6430	12.3067	15.7882
5660.3690	12.3110	15.7064
5709.5180	12.3197	15.8055
5759.0940	12.3370	15.8570
5809.1000	12.3499	15.9069
5859.5400	12.3716	15.9199
5910.4180	12.3843	15.8717
5961.7390	12.3973	15.8274
6013.5040	12.4017	15.8197
6065.7190	12.4104	15.8816
6118.3880	12.4191	15.9805
6171.5140	12.4364	16.0536
6225.1010	12.4496	16.0673
6279.1530	12.4627	16.0300
6333.6750	12.4626	16.1785
6388.6700	12.4891	16.3633
6444.1430	12.5067	16.4315
6500.0970	12.5332	16.6000
6556.5380	12.5689	16.6043
6613.4680	12.5910	16.4555
6670.8920	12.6001	16.5375
6728.8160	12.6315	16.6471
6787.2420	12.6539	16.6339
6846.1750	12.6811	16.6062
6905.6210	12.6994	16.5382
6965.5820	12.7178	16.4349
7026.0640	12.7225	16.2848
7087.0710	12.7177	16.3871
7148.6080	12.7359	16.5070
7210.6790	12.7452	16.4550
7273.2890	12.7496	16.4692
7336.4430	12.7542	16.5896
7400.1450	12.7680	16.7470
7464.4010	12.7862	16.8492
7529.2140	12.8047	16.8971
7594.5900	12.8189	17.0054
7660.5340	12.8421	17.0594
7727.0500	12.8467	18.3173
7794.1440	13.0661	17.2578
7861.8200	12.9078	16.0114
7930.0840	12.9361	17.2067
7998.9410	12.9690	17.2790
8068.3960	12.9975	17.1407
8138.4530	13.0023	17.2565
8209.1200	13.0452	17.4458
8280.3990	13.0789	17.2789
8352.2980	13.0981	17.0788
8424.8210	13.1078	16.7631
8497.9730	13.0833	16.6893
8571.7610	13.0835	16.8595
8646.1890	13.0833	16.8770
8721.2640	13.0784	17.0261
8796.9910	13.0927	17.1506
8873.3750	13.0972	17.2137
8950.4220	13.1115	17.1919
9028.1380	13.1017	17.2733
9106.5300	13.1162	17.5156
9185.6010	13.1307	17.6677
9265.3600	13.1550	17.7180
9345.8110	13.1648	17.7031
9426.9600	13.1745	17.7859
9508.8140	13.1844	17.9410
9591.3790	13.2040	18.1254
9674.6610	13.2283	18.2150
9758.6660	13.2481	18.2091
9843.4000	13.2579	18.1894
9928.8700	13.2578	18.6371
10015.0800	13.3226	18.8923
10102.0400	13.3479	18.7223
10189.7600	13.3730	18.7729
10278.2400	13.3984	18.7947
10367.4800	13.4185	18.8145
10457.5000	13.4386	18.8137
10548.3100	13.4486	18.9182
10639.9000	13.4742	19.0908
10732.2800	13.4999	19.1932
10825.4700	13.5303	19.2260
10919.4700	13.5512	19.1933
11014.2800	13.5667	19.1669
11109.9200	13.5715	19.3804
11206.3900	13.6081	19.6323
11303.6900	13.6394	19.7140
11401.8400	13.6763	19.7137
11500.8400	13.6974	19.6731
11600.7000	13.7183	19.7308
11701.4300	13.7392	19.8046
11803.0400	13.7605	19.9751
11905.5200	13.7978	20.0759
12008.9000	13.8249	20.0384
12113.1700	13.8464	19.9417
12218.3500	13.8462	20.1192
12324.4400	13.8838	20.4338
12431.4500	13.9217	20.4610
12539.3900	13.9494	20.4707
12648.2700	13.9767	20.5700
12758.1000	14.0097	20.6117
12868.8800	14.0312	20.7873
12980.6200	14.0817	21.0087
13093.3300	14.1320	20.9279
13207.0200	14.1654	20.4858
13321.6900	14.1372	20.4605
13437.3600	14.1594	20.8336
13554.0400	14.1817	21.0089
13671.7300	14.2154	21.2393
13790.4400	14.2609	21.3547
13910.1800	14.3014	21.3103
14030.9700	14.3301	21.1308
14152.8000	14.3299	21.2642
14275.6800	14.3702	21.5150
14399.6400	14.3991	21.6040
14524.6700	14.4395	21.7193
14650.7900	14.4748	21.9136
14778.0000	14.5399	21.6939
14906.3200	14.5276	21.6742
15035.7500	14.5808	21.9905
15166.3100	14.6163	21.8777
15297.9900	14.6399	21.8900
15430.8300	14.6707	21.9041
15564.8100	14.6889	21.8896
15699.9600	14.7068	22.0270
15836.2800	14.7373	22.1739
15973.7900	14.7676	22.2526
16112.4900	14.7984	22.2932
16252.3900	14.8227	22.2761
16393.5100	14.8347	22.5114
16535.8600	14.8840	22.7534
16679.4400	14.9213	22.8169
16824.2700	14.9650	22.9254
16970.3500	15.0085	22.9220
17117.7000	15.0398	22.8252
17266.3400	15.0527	22.9824
17416.2600	15.0976	23.2191
17567.4900	15.1359	23.3863
17720.0200	15.1942	23.4643
17873.8900	15.2326	23.4246
18029.0800	15.2713	23.3952
18185.6300	15.2907	23.5611
18343.5400	15.3436	23.8993
18502.8100	15.4091	23.9786
18663.4700	15.4621	23.9648
18825.5300	15.5152	23.9434
18988.9900	15.5570	24.0379
19153.8700	15.6248	23.7684
19320.1800	15.6108	23.6753
19487.9400	15.6520	24.1390
19657.1500	15.7144	24.2186
19827.8400	15.7561	24.2385
20000.0000	15.8117	24.2821