Freq	dB	Phase
20.0000	69.3380	161.6955
20.1737	69.4940	161.4393
20.3488	69.6501	161.1828
20.5255	69.8062	160.9242
20.7037	69.9624	160.6624
20.8835	70.1186	160.3994
21.0648	70.2749	160.1344
21.2478	70.4312	159.8663
21.4322	70.5876	159.5960
21.6183	70.7440	159.3225
21.8061	70.9004	159.0466
21.9954	71.0569	158.7668
22.1864	71.2133	158.4850
22.3790	71.3699	158.2025
22.5733	71.5265	157.9153
22.7693	71.6831	157.6243
22.9670	71.8398	157.3311
23.1665	71.9965	157.0346
23.3676	72.1532	156.7349
23.5705	72.3100	156.4320
23.7752	72.4668	156.1263
23.9816	72.6236	155.8168
24.1899	72.7805	155.5042
24.3999	72.9374	155.1884
24.6118	73.0944	154.8668
24.8255	73.2512	154.5433
25.0410	73.4082	154.2170
25.2585	73.5652	153.8848
25.4778	73.7221	153.5499
25.6990	73.8791	153.2124
25.9221	74.0362	152.8689
26.1472	74.1932	152.5207
26.3743	74.3501	152.1698
26.6033	74.5071	151.8148
26.8343	74.6641	151.4556
27.0673	74.8212	151.0914
27.3023	74.9781	150.7226
27.5394	75.1350	150.3494
27.7785	75.2919	149.9724
28.0197	75.4489	149.5905
28.2630	75.6057	149.2022
28.5084	75.7625	148.8102
28.7559	75.9193	148.4134
29.0056	76.0759	148.0109
29.2575	76.2326	147.6036
29.5115	76.3891	147.1917
29.7677	76.5456	146.7743
30.0262	76.7020	146.3504
30.2869	76.8582	145.9216
30.5499	77.0144	145.4871
30.8152	77.1704	145.0471
31.0827	77.3263	144.6018
31.3526	77.4821	144.1512
31.6249	77.6379	143.6932
31.8995	77.7933	143.2284
32.1765	77.9486	142.7596
32.4558	78.1038	142.2840
32.7377	78.2587	141.8000
33.0219	78.4134	141.3106
33.3086	78.5679	140.8164
33.5979	78.7222	140.3145
33.8896	78.8762	139.8044
34.1839	79.0299	139.2885
34.4807	79.1834	138.7653
34.7801	79.3365	138.2350
35.0821	79.4893	137.6986
35.3867	79.6418	137.1539
35.6939	79.7938	136.6008
36.0039	79.9455	136.0414
36.3165	80.0968	135.4755
36.6318	80.2477	134.9012
36.9499	80.3981	134.3176
37.2707	80.5480	133.7269
37.5944	80.6974	133.1296
37.9208	80.8464	132.5231
38.2501	80.9947	131.9081
38.5822	81.1425	131.2862
38.9172	81.2897	130.6557
39.2551	81.4362	130.0157
39.5960	81.5820	129.3680
39.9398	81.7272	128.7127
40.2866	81.8716	128.0478
40.6364	82.0153	127.3739
40.9892	82.1581	126.6930
41.3451	82.3002	126.0034
41.7041	82.4414	125.3032
42.0662	82.5816	124.5951
42.4315	82.7210	123.8796
42.7999	82.8593	123.1553
43.1716	82.9968	122.4212
43.5464	83.1331	121.6780
43.9245	83.2683	120.9271
44.3059	83.4024	120.1677
44.6906	83.5354	119.3994
45.0787	83.6671	118.6220
45.4701	83.7976	117.8358
45.8649	83.9267	117.0422
46.2632	84.0547	116.2412
46.6649	84.1812	115.4305
47.0701	84.3063	114.6117
47.4788	84.4300	113.7854
47.8910	84.5521	112.9514
48.3069	84.6728	112.1099
48.7263	84.7919	111.2596
49.1494	84.9092	110.4030
49.5762	85.0251	109.5406
50.0066	85.1392	108.6698
50.4408	85.2516	107.7925
50.8788	85.3623	106.9087
51.3206	85.4711	106.0191
51.7662	85.5781	105.1242
52.2157	85.6833	104.2224
52.6691	85.7865	103.3159
53.1264	85.8879	102.4051
53.5877	85.9873	101.4886
54.0530	86.0847	100.5680
54.5223	86.1801	99.6444
54.9958	86.2735	98.7165
55.4733	86.3648	97.7851
55.9550	86.4541	96.8512
56.4408	86.5413	95.9152
56.9309	86.6264	94.9773
57.4252	86.7095	94.0362
57.9238	86.7903	93.0945
58.4268	86.8691	92.1530
58.9341	86.9458	91.2100
59.4458	87.0203	90.2661
59.9620	87.0927	89.3239
60.4826	87.1630	88.3826
61.0078	87.2312	87.4416
61.5375	87.2973	86.5021
62.0719	87.3612	85.5643
62.6108	87.4231	84.6300
63.1545	87.4829	83.6980
63.7029	87.5407	82.7683
64.2560	87.5964	81.8425
64.8139	87.6501	80.9208
65.3767	87.7019	80.0027
65.9444	87.7517	79.0893
66.5170	87.7995	78.1812
67.0945	87.8455	77.2777
67.6771	87.8895	76.3797
68.2647	87.9318	75.4875
68.8575	87.9722	74.6017
69.4554	88.0108	73.7215
70.0585	88.0477	72.8481
70.6668	88.0829	71.9822
71.2804	88.1165	71.1229
71.8993	88.1484	70.2703
72.5236	88.1788	69.4252
73.1533	88.2076	68.5886
73.7885	88.2349	67.7585
74.4292	88.2607	66.9366
75.0755	88.2851	66.1236
75.7274	88.3082	65.3178
76.3849	88.3299	64.5203
77.0481	88.3502	63.7311
77.7172	88.3694	62.9504
78.3920	88.3873	62.1780
79.0726	88.4040	61.4152
79.7592	88.4196	60.6607
80.4518	88.4341	59.9144
81.1503	88.4475	59.1771
81.8550	88.4599	58.4478
82.5657	88.4713	57.7272
83.2826	88.4818	57.0161
84.0058	88.4913	56.3137
84.7352	88.5000	55.6202
85.4709	88.5079	54.9345
86.2131	88.5149	54.2575
86.9617	88.5212	53.5894
87.7168	88.5268	52.9290
88.4784	88.5315	52.2781
89.2467	88.5357	51.6361
90.0216	88.5392	51.0012
90.8032	88.5421	50.3742
91.5917	88.5443	49.7565
92.3870	88.5461	49.1477
93.1892	88.5473	48.5464
93.9983	88.5480	47.9516
94.8145	88.5482	47.3655
95.6378	88.5479	46.7883
96.4682	88.5473	46.2173
97.3058	88.5461	45.6540
98.1507	88.5446	45.0992
99.0030	88.5428	44.5516
99.8626	88.5406	44.0108
100.7297	88.5380	43.4776
101.6044	88.5352	42.9522
102.4866	88.5321	42.4327
103.3765	88.5286	41.9202
104.2741	88.5250	41.4145
105.1795	88.5210	40.9156
106.0928	88.5168	40.4243
107.0140	88.5125	39.9387
107.9432	88.5079	39.4595
108.8804	88.5032	38.9867
109.8259	88.4983	38.5198
110.7795	88.4932	38.0590
111.7414	88.4879	37.6049
112.7116	88.4825	37.1563
113.6903	88.4770	36.7134
114.6775	88.4714	36.2769
115.6732	88.4657	35.8460
116.6776	88.4599	35.4203
117.6907	88.4540	34.9999
118.7126	88.4480	34.5846
119.7434	88.4419	34.1751
120.7831	88.4358	33.7710
121.8319	88.4297	33.3710
122.8897	88.4235	32.9760
123.9568	88.4172	32.5869
125.0331	88.4109	32.2025
126.1188	88.4046	31.8224
127.2138	88.3982	31.4478
128.3184	88.3919	31.0771
129.4326	88.3855	30.7103
130.5565	88.3791	30.3485
131.6901	88.3728	29.9910
132.8336	88.3664	29.6377
133.9870	88.3600	29.2885
135.1504	88.3536	28.9432
136.3239	88.3472	28.6029
137.5076	88.3409	28.2658
138.7015	88.3345	27.9329
139.9059	88.3283	27.6044
141.1207	88.3220	27.2786
142.3460	88.3158	26.9568
143.5820	88.3096	26.6384
144.8287	88.3034	26.3234
146.0863	88.2972	26.0126
147.3548	88.2911	25.7050
148.6342	88.2850	25.4009
149.9248	88.2790	25.1001
151.2266	88.2730	24.8024
152.5397	88.2671	24.5080
153.8642	88.2611	24.2166
155.2002	88.2553	23.9292
156.5478	88.2496	23.6442
157.9071	88.2438	23.3609
159.2782	88.2381	23.0818
160.6612	88.2325	22.8056
162.0563	88.2269	22.5315
163.4634	88.2213	22.2612
164.8827	88.2159	21.9927
166.3144	88.2104	21.7267
167.7585	88.2050	21.4643
169.2152	88.1998	21.2035
170.6844	88.1944	20.9458
172.1665	88.1893	20.6910
173.6614	88.1841	20.4378
175.1693	88.1790	20.1871
176.6903	88.1739	19.9386
178.2245	88.1690	19.6933
179.7720	88.1640	19.4505
181.3330	88.1592	19.2091
182.9075	88.1544	18.9695
184.4957	88.1497	18.7322
186.0976	88.1450	18.4967
187.7135	88.1403	18.2640
189.3434	88.1358	18.0333
190.9875	88.1313	17.8040
192.6458	88.1268	17.5770
194.3186	88.1224	17.3523
196.0059	88.1181	17.1287
197.7078	88.1138	16.9070
199.4245	88.1095	16.6871
201.1561	88.1053	16.4689
202.9027	88.1012	16.2533
204.6645	88.0971	16.0396
206.4416	88.0932	15.8267
208.2341	88.0892	15.6143
210.0422	88.0853	15.4039
211.8660	88.0814	15.1962
213.7056	88.0776	14.9903
215.5612	88.0739	14.7854
217.4330	88.0702	14.5808
219.3209	88.0665	14.3775
221.2253	88.0629	14.1765
223.1462	88.0593	13.9773
225.0837	88.0559	13.7786
227.0381	88.0524	13.5813
229.0095	88.0490	13.3859
230.9980	88.0457	13.1909
233.0038	88.0425	12.9959
235.0269	88.0392	12.8028
237.0677	88.0359	12.6118
239.1261	88.0328	12.4211
241.2024	88.0297	12.2302
243.2968	88.0266	12.0415
245.4093	88.0236	11.8538
247.5402	88.0207	11.6655
249.6896	88.0177	11.4789
251.8577	88.0148	11.2933
254.0445	88.0120	11.1077
256.2504	88.0092	10.9228
258.4754	88.0065	10.7378
260.7197	88.0038	10.5526
262.9836	88.0010	10.3686
265.2671	87.9984	10.1856
267.5704	87.9959	10.0007
269.8937	87.9932	9.8164
272.2372	87.9908	9.6329
274.6010	87.9883	9.4473
276.9853	87.9859	9.2604
279.3904	87.9834	9.0731
281.8163	87.9811	8.8856
284.2633	87.9788	8.6959
286.7316	87.9765	8.5026
289.2213	87.9742	8.3059
291.7326	87.9720	8.1053
294.2657	87.9699	7.8992
296.8208	87.9679	7.6784
299.3981	87.9655	7.4023
301.9978	87.9587	7.0689
304.6200	87.9463	6.7344
307.2650	87.9295	6.4362
309.9330	87.9099	6.1766
312.6241	87.8884	5.9518
315.3386	87.8658	5.7617
318.0767	87.8429	5.5971
320.8386	87.8198	5.4575
323.6244	87.7969	5.3486
326.4344	87.7751	5.2655
329.2688	87.7545	5.1990
332.1279	87.7350	5.1527
335.0117	87.7172	5.1367
337.9206	87.7022	5.1503
340.8548	87.6909	5.1768
343.8144	87.6829	5.1940
346.7998	87.6773	5.1935
349.8110	87.6733	5.1905
352.8484	87.6719	5.1849
355.9122	87.6723	5.1560
359.0026	87.6734	5.1081
362.1198	87.6752	5.0528
365.2641	87.6778	4.9904
368.4357	87.6810	4.9171
371.6348	87.6846	4.8291
374.8617	87.6882	4.7261
378.1166	87.6915	4.6084
381.3998	87.6942	4.4736
384.7115	87.6955	4.3188
388.0519	87.6948	4.1592
391.4214	87.6926	4.0060
394.8201	87.6889	3.8557
398.2483	87.6839	3.7087
401.7063	87.6773	3.5793
405.1943	87.6704	3.4753
408.7126	87.6638	3.3882
412.2614	87.6578	3.3067
415.8411	87.6520	3.2263
419.4518	87.6465	3.1494
423.0939	87.6411	3.0770
426.7676	87.6359	3.0068
430.4732	87.6307	2.9371
434.2110	87.6253	2.8707
437.9813	87.6195	2.8170
441.7842	87.6143	2.7830
445.6202	87.6099	2.7579
449.4896	87.6060	2.7462
453.3925	87.6036	2.7540
457.3293	87.6030	2.7656
461.3002	87.6036	2.7750
465.3057	87.6053	2.7929
469.3459	87.6088	2.8215
473.4213	87.6141	2.8500
477.5320	87.6208	2.8758
481.6784	87.6290	2.9082
485.8608	87.6390	2.9515
490.0795	87.6515	2.9981
494.3349	87.6664	3.0309
498.6272	87.6827	3.0471
502.9567	87.7000	3.0566
507.3239	87.7183	3.0672
511.7290	87.7381	3.0929
516.1723	87.7605	3.1365
520.6542	87.7865	3.1751
525.1751	87.8154	3.1877
529.7351	87.8463	3.1658
534.3348	87.8777	3.1299
538.9744	87.9110	3.0789
543.6543	87.9448	3.0077
548.3749	87.9795	2.9304
553.1364	88.0151	2.8462
557.9393	88.0522	2.7527
562.7839	88.0904	2.6438
567.6705	88.1297	2.5231
572.5996	88.1701	2.3845
577.5714	88.2110	2.2145
582.5865	88.2510	2.0199
587.6451	88.2892	1.7904
592.7476	88.3211	1.8455
597.8944	88.3787	2.2304
603.0859	88.4644	2.5052
608.3225	88.5694	2.3966
613.6045	88.6730	1.9731
618.9325	88.7765	1.3389
624.3066	88.8704	0.4954
629.7275	88.9550	-0.4460
635.1954	89.0320	-1.5708
640.7108	89.0926	-2.9827
646.2741	89.1273	-4.7040
651.8857	89.1227	-6.7049
657.5460	89.0661	-8.4640
663.2554	88.9909	-9.5914
669.0145	88.9212	-10.5207
674.8235	88.8444	-11.4830
680.6830	88.7643	-12.6105
686.5933	88.6561	-13.8240
692.5550	88.5297	-14.6991
698.5685	88.4033	-15.4025
704.6341	88.2676	-16.1950
710.7524	88.1120	-16.7128
716.9239	87.9657	-16.9298
723.1489	87.8213	-17.4039
729.4280	87.6477	-17.7094
735.7616	87.4814	-17.5998
742.1502	87.3135	-17.1577
748.5943	87.1699	-16.2069
755.0943	87.0637	-15.0890
761.6508	86.9905	-14.2770
768.2642	86.9191	-13.5420
774.9350	86.8738	-12.7767
781.6638	86.8373	-12.4596
788.4509	86.7816	-12.1384
795.2970	86.7359	-11.4938
802.2026	86.7036	-10.9259
809.1681	86.6695	-10.2066
816.1941	86.6624	-9.1968
823.2811	86.6852	-8.4922
830.4296	86.7075	-8.0965
837.6402	86.7360	-7.9026
844.9134	86.7524	-8.0694
852.2498	86.7429	-8.2296
859.6499	86.7234	-8.1257
867.1142	86.7018	-7.7920
874.6433	86.6870	-7.1368
882.2379	86.6975	-6.3484
889.8983	86.7258	-5.7838
897.6253	86.7563	-5.2816
905.4193	86.8016	-4.7679
913.2811	86.8557	-4.5962
921.2111	86.8936	-4.5090
929.2099	86.9357	-4.1595
937.2783	86.9933	-3.9772
945.4166	87.0415	-4.0775
953.6257	87.0803	-4.2152
961.9060	87.1096	-4.4457
970.2582	87.1191	-4.3761
978.6829	87.1488	-4.3504
987.1808	87.1491	-4.2897
995.7525	87.1663	-3.7116
1004.3990	87.2019	-2.9666
1013.1200	87.2666	-2.2977
1021.9170	87.3410	-1.6791
1030.7900	87.4433	-1.0861
1039.7400	87.5625	-1.2087
1048.7680	87.6438	-1.3826
1057.8750	87.7464	-1.2811
1067.0600	87.8492	-1.7023
1076.3260	87.9242	-2.2355
1085.6710	87.9935	-2.5958
1095.0980	88.0558	-3.0232
1104.6070	88.1038	-3.1597
1114.1980	88.1743	-3.2242
1123.8730	88.2373	-3.4044
1133.6310	88.3125	-3.7298
1143.4750	88.3689	-4.3908
1153.4030	88.4037	-4.9702
1163.4180	88.4254	-5.1986
1173.5200	88.4545	-5.1564
1183.7100	88.4879	-4.8915
1193.9880	88.5392	-3.9700
1204.3550	88.6548	-2.6448
1214.8130	88.8309	-1.8516
1225.3610	89.0272	-1.8990
1236.0010	89.2169	-2.5165
1246.7330	89.3888	-3.2617
1257.5580	89.5583	-3.9801
1268.4780	89.7269	-4.9629
1279.4920	89.8762	-5.8979
1290.6020	90.0409	-6.8555
1301.8080	90.1954	-8.1404
1313.1110	90.3420	-9.2837
1324.5130	90.5074	-10.4324
1336.0140	90.6831	-12.2524
1347.6140	90.8326	-15.2355
1359.3160	90.8951	-18.3447
1371.1190	90.9394	-21.4515
1383.0240	90.9085	-24.8002
1395.0330	90.8363	-27.6932
1407.1460	90.7364	-30.5859
1419.3640	90.5895	-33.4430
1431.6880	90.4117	-36.0457
1444.1200	90.2056	-38.5325
1456.6590	89.9721	-40.9640
1469.3070	89.7102	-43.9356
1482.0650	89.3562	-47.3616
1494.9340	88.9077	-50.1778
1507.9140	88.3959	-51.7437
1521.0080	87.8681	-52.0482
1534.2140	87.3455	-51.0458
1547.5360	86.8782	-48.8013
1560.9730	86.4853	-45.4053
1574.5270	86.2207	-41.4172
1588.1990	86.0659	-38.0995
1601.9890	85.9622	-35.6805
1615.8990	85.8797	-33.5468
1629.9300	85.8253	-31.3228
1644.0830	85.8035	-28.8349
1658.3580	85.8353	-25.6618
1672.7580	85.9747	-22.1950
1687.2820	86.2176	-19.8635
1701.9330	86.4877	-19.4172
1716.7110	86.7154	-20.4170
1731.6170	86.8671	-21.8872
1746.6520	86.9587	-22.9745
1761.8180	87.0290	-23.6134
1777.1160	87.0911	-24.4407
1792.5470	87.1109	-25.0676
1808.1120	87.1409	-25.1032
1823.8110	87.1895	-25.3289
1839.6480	87.2287	-25.8693
1855.6210	87.2572	-26.1110
1871.7330	87.3166	-26.7698
1887.9860	87.3325	-28.4386
1904.3790	87.2812	-30.0905
1920.9150	87.1879	-31.1052
1937.5940	87.0810	-31.4561
1954.4180	86.9808	-31.3152
1971.3880	86.8964	-30.7462
1988.5060	86.8441	-29.6018
2005.7720	86.8566	-28.2907
2023.1880	86.9200	-27.8185
2040.7550	86.9737	-28.6206
2058.4750	86.9592	-29.4524
2076.3490	86.9381	-29.1938
2094.3780	86.9624	-28.6735
2112.5630	87.0075	-28.9698
2130.9070	87.0187	-29.9251
2149.4090	86.9871	-30.4736
2168.0720	86.9630	-30.3328
2186.8980	86.9618	-30.0228
2205.8870	86.9807	-29.7694
2225.0400	87.0195	-29.9472
2244.3600	87.0411	-30.6180
2263.8480	87.0390	-31.3269
2283.5050	87.0203	-31.8860
2303.3330	86.9918	-32.0174
2323.3320	86.9896	-32.1621
2343.5060	86.9770	-33.1630
2363.8540	86.8983	-33.9231
2384.3800	86.8269	-33.4596
2405.0830	86.8069	-32.9508
2425.9670	86.7881	-32.7955
2447.0310	86.7794	-32.4449
2468.2790	86.7933	-31.9281
2489.7110	86.8403	-32.0630
2511.3290	86.8500	-32.6894
2533.1350	86.8508	-33.4545
2555.1300	86.8038	-34.3535
2577.3160	86.7250	-34.2280
2599.6950	86.6904	-33.1086
2622.2680	86.7128	-31.8921
2645.0370	86.7845	-30.9780
2668.0040	86.8941	-31.2878
2691.1700	86.9446	-32.5762
2714.5370	86.9453	-32.9700
2738.1080	86.9922	-33.3233
2761.8830	86.9993	-34.7123
2785.8640	86.9463	-36.0389
2810.0540	86.8578	-36.8946
2834.4530	86.7423	-37.0690
2859.0650	86.6360	-36.0165
2883.8900	86.6051	-34.3700
2908.9310	86.6278	-33.1100
2934.1890	86.6795	-31.9940
2959.6660	86.7767	-31.0230
2985.3650	86.9043	-30.8441
3011.2870	87.0172	-31.6776
3037.4340	87.0789	-33.3423
3063.8080	87.0525	-34.9035
3090.4110	86.9800	-35.0030
3117.2450	86.9532	-33.9143
3144.3120	86.9837	-32.9750
3171.6140	87.0322	-32.3394
3199.1530	87.1068	-31.8216
3226.9310	87.1958	-31.8822
3254.9510	87.2597	-32.1141
3283.2130	87.3302	-32.3169
3311.7210	87.3895	-33.5357
3340.4770	87.3509	-35.0539
3369.4820	87.2573	-35.2902
3398.7390	87.1676	-33.3986
3428.2510	87.2041	-29.8793
3458.0180	87.3898	-27.0380
3488.0440	87.6327	-25.7030
3518.3300	87.8978	-26.1580
3548.8800	88.0695	-27.8671
3579.6950	88.1508	-28.6441
3610.7770	88.2314	-27.4226
3642.1300	88.4113	-25.1823
3673.7540	88.6866	-24.0186
3705.6530	88.9558	-24.3943
3737.8290	89.1737	-24.6360
3770.2850	89.4085	-24.1474
3803.0220	89.6620	-21.9807
3836.0440	90.1091	-19.8842
3869.3520	90.5891	-20.0269
3902.9500	91.0704	-21.7559
3936.8390	91.4698	-24.4408
3971.0220	91.8030	-25.6289
4005.5030	92.2362	-26.2530
4040.2820	92.6912	-29.2836
4075.3640	93.0304	-34.4539
4110.7500	93.1941	-38.7128
4146.4440	93.3329	-39.4076
4182.4470	93.6495	-38.2467
4218.7640	94.1376	-39.6199
4255.3950	94.5819	-44.8093
4292.3450	94.8663	-51.5453
4329.6150	95.0011	-57.7659
4367.2090	95.0531	-62.9254
4405.1290	95.0642	-67.3694
4443.3790	95.0572	-71.6364
4481.9610	95.0224	-76.6404
4520.8770	94.8866	-81.7042
4560.1320	94.7044	-85.2870
4599.7280	94.5604	-87.8748
4639.6670	94.4664	-91.3605
4679.9530	94.3290	-97.3163
4720.5890	94.0033	-105.1952
4761.5780	93.4277	-111.5387
4802.9230	92.7749	-113.9785
4844.6260	92.1974	-113.9300
4886.6920	91.7143	-113.0369
4929.1230	91.3311	-112.7351
4971.9230	90.9373	-112.3310
5015.0940	90.6223	-110.6773
5058.6400	90.4043	-109.0307
5102.5640	90.2468	-107.7202
5146.8690	90.1460	-106.4834
5191.5590	90.1011	-105.2698
5236.6380	90.1179	-103.8374
5282.1070	90.2309	-102.7702
5327.9720	90.3988	-102.9778
5374.2340	90.5747	-104.6961
5420.8990	90.6996	-107.6851
5467.9680	90.7439	-110.7699
5515.4470	90.7599	-113.8557
5563.3370	90.7147	-117.3368
5611.6430	90.6073	-120.4748
5660.3690	90.4749	-122.9852
5709.5180	90.3411	-125.2993
5759.0940	90.1990	-127.9060
5809.1000	90.0243	-130.6072
5859.5400	89.8341	-133.3676
5910.4180	89.6096	-137.0293
5961.7390	89.2726	-141.1273
6013.5040	88.8356	-143.7318
6065.7190	88.4022	-144.0743
6118.3880	88.0549	-143.2819
6171.5140	87.7878	-142.7992
6225.1010	87.5496	-142.5326
6279.1530	87.3595	-142.0141
6333.6750	87.2260	-141.9850
6388.6700	87.0959	-142.7159
6444.1430	86.9505	-143.3240
6500.0970	86.8266	-143.3635
6556.5380	86.7496	-143.3061
6613.4680	86.7106	-143.6558
6670.8920	86.6898	-144.1299
6728.8160	86.7198	-145.5967
6787.2420	86.6943	-148.1130
6846.1750	86.6393	-150.6259
6905.6210	86.5551	-153.1999
6965.5820	86.4550	-156.2620
7026.0640	86.2923	-159.8567
7087.0710	86.0707	-163.3840
7148.6080	85.8006	-166.7806
7210.6790	85.4851	-170.2958
7273.2890	85.1013	-173.4648
7336.4430	84.6983	-176.6489
7400.1450	84.2079	-179.7492
7464.4010	83.6812	178.0314
7529.2140	83.1276	176.3326
7594.5900	82.5522	175.0552
7660.5340	81.9479	174.7750
7727.0500	81.3756	175.6683
7794.1440	80.8430	177.7433
7861.8200	80.4163	-179.2698
7930.0840	80.0884	-176.3331
7998.9410	79.8391	-173.3680
8068.3960	79.6859	-170.2730
8138.4530	79.6333	-167.3241
8209.1200	79.6894	-165.6163
8280.3990	79.7637	-166.1658
8352.2980	79.7661	-168.3113
8424.8210	79.6664	-170.6665
8497.9730	79.4935	-171.5824
8571.7610	79.3707	-171.3574
8646.1890	79.2939	-171.9162
8721.2640	79.1931	-173.3050
8796.9910	79.0728	-175.7351
8873.3750	78.8360	-178.7058
8950.4220	78.5194	-179.8073
9028.1380	78.2672	-179.7830
9106.5300	78.0337	179.5717
9185.6010	77.7822	178.1863
9265.3600	77.4629	177.0161
9345.8110	77.1259	178.0872
9426.9600	76.9316	179.8071
9508.8140	76.7675	-178.8933
9591.3790	76.7042	-178.4230
9674.6610	76.6056	-179.5144
9758.6660	76.4645	179.4917
9843.4000	76.3137	179.2492
9928.8700	76.2063	179.3042
10015.0800	76.1323	178.3021
10102.0400	76.0107	175.9515
10189.7600	75.7998	173.5943
10278.2400	75.5470	172.4469
10367.4800	75.3281	171.5562
10457.5000	75.0876	169.7876
10548.3100	74.7808	168.4050
10639.9000	74.4834	167.9738
10732.2800	74.2060	167.6970
10825.4700	73.9417	167.1450
10919.4700	73.6608	166.8661
11014.2800	73.4202	166.5280
11109.9200	73.1597	165.0455
11206.3900	72.8176	163.6341
11303.6900	72.4519	163.7300
11401.8400	72.1428	164.7204
11500.8400	71.8858	164.9918
11600.7000	71.5999	164.5709
11701.4300	71.2856	164.9284
11803.0400	71.0124	166.3933
11905.5200	70.8159	167.8747
12008.9000	70.6644	167.4711
12113.1700	70.3993	166.1241
12218.3500	70.0759	167.2103
12324.4400	69.8813	169.0415
12431.4500	69.6862	169.8033
12539.3900	69.4918	171.0999
12648.2700	69.3438	173.3808
12758.1000	69.2905	176.0468
12868.8800	69.3284	177.2160
12980.6200	69.3160	178.1729
13093.3300	69.3920	-179.8800
13207.0200	69.5494	-178.8142
13321.6900	69.7426	179.9779
13437.3600	69.8313	176.3279
13554.0400	69.7327	174.7246
13671.7300	69.7611	174.7111
13790.4400	69.7732	173.1355
13910.1800	69.7533	171.2834
14030.9700	69.7051	169.3828
14152.8000	69.6296	167.2980
14275.6800	69.5065	165.8565
14399.6400	69.4196	165.1214
14524.6700	69.3556	164.0534
14650.7900	69.2898	163.8710
14778.0000	69.3537	163.9144
14906.3200	69.4800	160.0263
15035.7500	69.3695	154.3667
15166.3100	69.1723	151.1793
15297.9900	69.0163	148.3768
15430.8300	68.8140	144.7894
15564.8100	68.5761	141.3232
15699.9600	68.3191	137.5409
15836.2800	68.0061	133.4892
15973.7900	67.6606	129.4741
16112.4900	67.2835	124.6669
16252.3900	66.8152	118.8446
16393.5100	66.2386	112.1219
16535.8600	65.5109	101.8888
16679.4400	64.3115	87.7293
16824.2700	62.4440	84.7394
16970.3500	61.0958	97.1282
17117.7000	60.5645	97.4215
17266.3400	59.1991	86.6714
17416.2600	57.4216	89.3504
17567.4900	56.1032	99.9565
17720.0200	55.0052	110.1579
17873.8900	54.1716	119.6775
18029.0800	53.3974	130.2838
18185.6300	52.9317	143.4753
18343.5400	52.7484	156.0459
18502.8100	52.7732	170.3758
18663.4700	53.2822	-175.1471
18825.5300	54.0893	-165.3542
18988.9900	55.0186	-159.9219
19153.8700	55.9602	-157.6890
19320.1800	56.8589	-157.1148
19487.9400	57.7569	-159.2926
19657.1500	58.4624	-163.0720
19827.8400	59.1254	-168.0513
20000.0000	59.5770	-171.9981