Freq	dB	Phase
20.0000	73.2199	118.9035
20.1737	73.3238	118.4753
20.3488	73.4276	118.0465
20.5255	73.5310	117.6167
20.7037	73.6338	117.1863
20.8835	73.7362	116.7552
21.0648	73.8382	116.3233
21.2478	73.9398	115.8908
21.4322	74.0408	115.4576
21.6183	74.1414	115.0236
21.8061	74.2415	114.5891
21.9954	74.3412	114.1539
22.1864	74.4403	113.7183
22.3790	74.5391	113.2819
22.5733	74.6374	112.8448
22.7693	74.7351	112.4075
22.9670	74.8324	111.9694
23.1665	74.9293	111.5307
23.3676	75.0256	111.0916
23.5705	75.1215	110.6520
23.7752	75.2169	110.2119
23.9816	75.3119	109.7711
24.1899	75.4063	109.3301
24.3999	75.5003	108.8885
24.6118	75.5938	108.4466
24.8255	75.6869	108.0042
25.0410	75.7794	107.5614
25.2585	75.8715	107.1181
25.4778	75.9630	106.6746
25.6990	76.0541	106.2306
25.9221	76.1448	105.7862
26.1472	76.2350	105.3416
26.3743	76.3246	104.8968
26.6033	76.4138	104.4516
26.8343	76.5024	104.0060
27.0673	76.5906	103.5602
27.3023	76.6783	103.1142
27.5394	76.7656	102.6678
27.7785	76.8523	102.2212
28.0197	76.9386	101.7745
28.2630	77.0243	101.3276
28.5084	77.1096	100.8806
28.7559	77.1944	100.4332
29.0056	77.2786	99.9859
29.2575	77.3625	99.5384
29.5115	77.4458	99.0906
29.7677	77.5286	98.6429
30.0262	77.6110	98.1950
30.2869	77.6928	97.7471
30.5499	77.7742	97.2992
30.8152	77.8550	96.8512
31.0827	77.9354	96.4031
31.3526	78.0152	95.9551
31.6249	78.0946	95.5070
31.8995	78.1735	95.0590
32.1765	78.2519	94.6109
32.4558	78.3298	94.1629
32.7377	78.4072	93.7151
33.0219	78.4842	93.2673
33.3086	78.5606	92.8196
33.5979	78.6365	92.3720
33.8896	78.7120	91.9245
34.1839	78.7869	91.4772
34.4807	78.8614	91.0301
34.7801	78.9353	90.5830
35.0821	79.0088	90.1362
35.3867	79.0818	89.6895
35.6939	79.1543	89.2431
36.0039	79.2263	88.7970
36.3165	79.2978	88.3511
36.6318	79.3687	87.9055
36.9499	79.4393	87.4601
37.2707	79.5093	87.0151
37.5944	79.5788	86.5703
37.9208	79.6479	86.1258
38.2501	79.7164	85.6818
38.5822	79.7845	85.2381
38.9172	79.8520	84.7947
39.2551	79.9191	84.3517
39.5960	79.9857	83.9092
39.9398	80.0518	83.4670
40.2866	80.1175	83.0253
40.6364	80.1826	82.5841
40.9892	80.2472	82.1433
41.3451	80.3113	81.7030
41.7041	80.3750	81.2631
42.0662	80.4382	80.8239
42.4315	80.5009	80.3852
42.7999	80.5631	79.9469
43.1716	80.6249	79.5092
43.5464	80.6861	79.0721
43.9245	80.7468	78.6356
44.3059	80.8071	78.1997
44.6906	80.8669	77.7644
45.0787	80.9262	77.3299
45.4701	80.9850	76.8959
45.8649	81.0434	76.4626
46.2632	81.1013	76.0300
46.6649	81.1587	75.5981
47.0701	81.2156	75.1669
47.4788	81.2720	74.7365
47.8910	81.3280	74.3068
48.3069	81.3834	73.8778
48.7263	81.4385	73.4496
49.1494	81.4930	73.0224
49.5762	81.5471	72.5958
50.0066	81.6007	72.1701
50.4408	81.6538	71.7453
50.8788	81.7065	71.3213
51.3206	81.7587	70.8982
51.7662	81.8104	70.4760
52.2157	81.8617	70.0546
52.6691	81.9125	69.6342
53.1264	81.9628	69.2148
53.5877	82.0127	68.7963
54.0530	82.0621	68.3789
54.5223	82.1111	67.9624
54.9958	82.1595	67.5468
55.4733	82.2076	67.1323
55.9550	82.2552	66.7188
56.4408	82.3023	66.3064
56.9309	82.3490	65.8950
57.4252	82.3952	65.4847
57.9238	82.4411	65.0755
58.4268	82.4864	64.6674
58.9341	82.5313	64.2606
59.4458	82.5757	63.8547
59.9620	82.6198	63.4501
60.4826	82.6633	63.0466
61.0078	82.7065	62.6443
61.5375	82.7492	62.2431
62.0719	82.7914	61.8432
62.6108	82.8333	61.4446
63.1545	82.8747	61.0472
63.7029	82.9157	60.6510
64.2560	82.9563	60.2561
64.8139	82.9964	59.8624
65.3767	83.0360	59.4701
65.9444	83.0754	59.0790
66.5170	83.1142	58.6894
67.0945	83.1527	58.3010
67.6771	83.1907	57.9140
68.2647	83.2284	57.5283
68.8575	83.2656	57.1440
69.4554	83.3024	56.7611
70.0585	83.3388	56.3795
70.6668	83.3748	55.9994
71.2804	83.4104	55.6207
71.8993	83.4456	55.2435
72.5236	83.4804	54.8677
73.1533	83.5148	54.4933
73.7885	83.5488	54.1204
74.4292	83.5825	53.7490
75.0755	83.6157	53.3791
75.7274	83.6486	53.0108
76.3849	83.6811	52.6438
77.0481	83.7132	52.2784
77.7172	83.7450	51.9145
78.3920	83.7763	51.5522
79.0726	83.8073	51.1914
79.7592	83.8379	50.8322
80.4518	83.8681	50.4746
81.1503	83.8980	50.1185
81.8550	83.9276	49.7640
82.5657	83.9568	49.4111
83.2826	83.9856	49.0598
84.0058	84.0140	48.7101
84.7352	84.0422	48.3620
85.4709	84.0700	48.0156
86.2131	84.0974	47.6707
86.9617	84.1245	47.3276
87.7168	84.1512	46.9860
88.4784	84.1777	46.6461
89.2467	84.2037	46.3079
90.0216	84.2295	45.9714
90.8032	84.2549	45.6364
91.5917	84.2800	45.3032
92.3870	84.3048	44.9717
93.1892	84.3292	44.6418
93.9983	84.3534	44.3137
94.8145	84.3772	43.9872
95.6378	84.4007	43.6625
96.4682	84.4240	43.3393
97.3058	84.4469	43.0180
98.1507	84.4695	42.6983
99.0030	84.4918	42.3804
99.8626	84.5138	42.0642
100.7297	84.5356	41.7497
101.6044	84.5570	41.4370
102.4866	84.5782	41.1259
103.3765	84.5990	40.8166
104.2741	84.6196	40.5090
105.1795	84.6399	40.2031
106.0928	84.6599	39.8990
107.0140	84.6797	39.5966
107.9432	84.6992	39.2960
108.8804	84.7184	38.9970
109.8259	84.7373	38.6999
110.7795	84.7560	38.4045
111.7414	84.7745	38.1107
112.7116	84.7927	37.8187
113.6903	84.8106	37.5285
114.6775	84.8282	37.2401
115.6732	84.8457	36.9533
116.6776	84.8628	36.6683
117.6907	84.8798	36.3850
118.7126	84.8965	36.1035
119.7434	84.9129	35.8237
120.7831	84.9291	35.5457
121.8319	84.9451	35.2693
122.8897	84.9609	34.9946
123.9568	84.9764	34.7218
125.0331	84.9917	34.4507
126.1188	85.0068	34.1812
127.2138	85.0217	33.9134
128.3184	85.0363	33.6474
129.4326	85.0508	33.3831
130.5565	85.0650	33.1206
131.6901	85.0791	32.8596
132.8336	85.0929	32.6005
133.9870	85.1065	32.3430
135.1504	85.1199	32.0872
136.3239	85.1331	31.8331
137.5076	85.1462	31.5807
138.7015	85.1590	31.3300
139.9059	85.1716	31.0810
141.1207	85.1841	30.8337
142.3460	85.1964	30.5879
143.5820	85.2085	30.3439
144.8287	85.2204	30.1016
146.0863	85.2321	29.8608
147.3548	85.2436	29.6218
148.6342	85.2550	29.3843
149.9248	85.2662	29.1485
151.2266	85.2772	28.9144
152.5397	85.2881	28.6819
153.8642	85.2988	28.4510
155.2002	85.3093	28.2217
156.5478	85.3197	27.9941
157.9071	85.3299	27.7680
159.2782	85.3400	27.5435
160.6612	85.3499	27.3207
162.0563	85.3596	27.0994
163.4634	85.3693	26.8797
164.8827	85.3787	26.6616
166.3144	85.3880	26.4450
167.7585	85.3972	26.2300
169.2152	85.4062	26.0166
170.6844	85.4151	25.8047
172.1665	85.4239	25.5943
173.6614	85.4324	25.3854
175.1693	85.4409	25.1782
176.6903	85.4493	24.9724
178.2245	85.4575	24.7681
179.7720	85.4656	24.5654
181.3330	85.4735	24.3641
182.9075	85.4814	24.1643
184.4957	85.4890	23.9660
186.0976	85.4967	23.7692
187.7135	85.5041	23.5739
189.3434	85.5115	23.3800
190.9875	85.5187	23.1876
192.6458	85.5258	22.9966
194.3186	85.5328	22.8070
196.0059	85.5397	22.6189
197.7078	85.5465	22.4321
199.4245	85.5532	22.2469
201.1561	85.5598	22.0630
202.9027	85.5662	21.8805
204.6645	85.5726	21.6995
206.4416	85.5788	21.5197
208.2341	85.5850	21.3414
210.0422	85.5911	21.1644
211.8660	85.5971	20.9888
213.7056	85.6029	20.8146
215.5612	85.6087	20.6416
217.4330	85.6144	20.4701
219.3209	85.6199	20.2999
221.2253	85.6254	20.1309
223.1462	85.6309	19.9633
225.0837	85.6362	19.7970
227.0381	85.6414	19.6320
229.0095	85.6466	19.4683
230.9980	85.6517	19.3059
233.0038	85.6567	19.1446
235.0269	85.6616	18.9848
237.0677	85.6664	18.8261
239.1261	85.6711	18.6688
241.2024	85.6758	18.5125
243.2968	85.6804	18.3576
245.4093	85.6849	18.2039
247.5402	85.6894	18.0515
249.6896	85.6937	17.9002
251.8577	85.6980	17.7501
254.0445	85.7022	17.6012
256.2504	85.7064	17.4535
258.4754	85.7105	17.3070
260.7197	85.7145	17.1617
262.9836	85.7185	17.0175
265.2671	85.7224	16.8744
267.5704	85.7262	16.7325
269.8937	85.7300	16.5918
272.2372	85.7337	16.4522
274.6010	85.7374	16.3137
276.9853	85.7410	16.1764
279.3904	85.7445	16.0400
281.8163	85.7479	15.9049
284.2633	85.7514	15.7708
286.7316	85.7547	15.6378
289.2213	85.7580	15.5059
291.7326	85.7613	15.3750
294.2657	85.7644	15.2452
296.8208	85.7675	15.1165
299.3981	85.7706	14.9888
301.9978	85.7737	14.8621
304.6200	85.7766	14.7366
307.2650	85.7796	14.6119
309.9330	85.7825	14.4883
312.6241	85.7853	14.3657
315.3386	85.7881	14.2442
318.0767	85.7909	14.1236
320.8386	85.7935	14.0040
323.6244	85.7962	13.8854
326.4344	85.7988	13.7677
329.2688	85.8014	13.6511
332.1279	85.8039	13.5354
335.0117	85.8064	13.4206
337.9206	85.8088	13.3068
340.8548	85.8112	13.1939
343.8144	85.8136	13.0820
346.7998	85.8159	12.9709
349.8110	85.8182	12.8608
352.8484	85.8204	12.7516
355.9122	85.8226	12.6433
359.0026	85.8248	12.5359
362.1198	85.8270	12.4294
365.2641	85.8290	12.3237
368.4357	85.8311	12.2189
371.6348	85.8331	12.1151
374.8617	85.8351	12.0121
378.1166	85.8371	11.9099
381.3998	85.8390	11.8085
384.7115	85.8409	11.7080
388.0519	85.8427	11.6084
391.4214	85.8445	11.5096
394.8201	85.8464	11.4116
398.2483	85.8481	11.3144
401.7063	85.8499	11.2180
405.1943	85.8516	11.1224
408.7126	85.8532	11.0277
412.2614	85.8549	10.9337
415.8411	85.8565	10.8405
419.4518	85.8582	10.7481
423.0939	85.8597	10.6564
426.7676	85.8612	10.5656
430.4732	85.8628	10.4755
434.2110	85.8643	10.3861
437.9813	85.8658	10.2975
441.7842	85.8672	10.2096
445.6202	85.8686	10.1225
449.4896	85.8700	10.0361
453.3925	85.8714	9.9504
457.3293	85.8727	9.8654
461.3002	85.8740	9.7812
465.3057	85.8753	9.6977
469.3459	85.8766	9.6148
473.4213	85.8779	9.5327
477.5320	85.8791	9.4512
481.6784	85.8803	9.3705
485.8608	85.8815	9.2904
490.0795	85.8827	9.2110
494.3349	85.8839	9.1322
498.6272	85.8851	9.0542
502.9567	85.8861	8.9768
507.3239	85.8872	8.9000
511.7290	85.8883	8.8239
516.1723	85.8893	8.7485
520.6542	85.8904	8.6736
525.1751	85.8914	8.5994
529.7351	85.8924	8.5259
534.3348	85.8935	8.4529
538.9744	85.8944	8.3806
543.6543	85.8953	8.3088
548.3749	85.8963	8.2377
553.1364	85.8972	8.1672
557.9393	85.8982	8.0973
562.7839	85.8969	8.5596
567.6705	85.9112	4.0121
572.5996	85.9323	0.0000
577.5714	85.9534	0.0000
582.5865	85.9770	0.0000
587.6451	86.0036	0.0000
592.7476	86.0311	0.0000
597.8944	86.0580	0.0000
603.0859	86.0862	0.0000
608.3225	86.1157	0.0000
613.6045	86.1463	0.0000
618.9325	86.1724	0.0000
624.3066	86.1960	0.0000
629.7275	86.2176	0.0000
635.1954	86.2408	0.0000
640.7108	86.2643	0.0000
646.2741	86.2782	0.0000
651.8857	86.2821	0.0000
657.5460	86.2739	0.0000
663.2554	86.2509	0.0000
669.0145	86.2257	0.0000
674.8235	86.2072	0.0000
680.6830	86.2265	0.0000
686.5933	86.2356	0.0000
692.5550	86.2487	0.0000
698.5685	86.2606	0.0000
704.6341	86.2726	0.0000
710.7524	86.2883	0.0000
716.9239	86.3062	0.0000
723.1489	86.3270	0.0000
729.4280	86.3476	0.0000
735.7616	86.3741	0.0000
742.1502	86.4001	0.0000
748.5943	86.4209	0.0000
755.0943	86.4450	0.0000
761.6508	86.4660	0.0000
768.2642	86.4815	0.0000
774.9350	86.4664	0.0000
781.6638	86.4635	0.0000
788.4509	86.4513	0.0000
795.2970	86.4359	0.0000
802.2026	86.4198	0.0000
809.1681	86.4034	0.0000
816.1941	86.3935	0.0000
823.2811	86.3877	0.0000
830.4296	86.3862	0.0000
837.6402	86.3871	0.0000
844.9134	86.3919	0.0000
852.2498	86.3951	0.0000
859.6499	86.3875	0.0000
867.1142	86.3725	0.0000
874.6433	86.3654	0.0000
882.2379	86.3686	0.0000
889.8983	86.3792	0.0000
897.6253	86.4110	0.0000
905.4193	86.4555	0.0000
913.2811	86.5048	0.0000
921.2111	86.5435	0.0000
929.2099	86.5632	0.0000
937.2783	86.5734	0.0000
945.4166	86.5623	0.0000
953.6257	86.5478	0.0000
961.9060	86.5381	0.0000
970.2582	86.5452	0.0000
978.6829	86.5759	0.0000
987.1808	86.6266	0.0000
995.7525	86.6666	0.0000
1004.3990	86.6787	0.0000
1013.1200	86.6696	0.0000
1021.9170	86.6352	0.0000
1030.7900	86.5859	0.0000
1039.7400	86.5242	0.0000
1048.7680	86.4597	0.0000
1057.8750	86.4034	0.0000
1067.0600	86.3486	0.0000
1076.3260	86.3062	0.0000
1085.6710	86.2763	0.0000
1095.0980	86.2475	0.0000
1104.6070	86.1999	0.0000
1114.1980	86.1409	0.0000
1123.8730	86.0644	0.0000
1133.6310	85.9828	0.0000
1143.4750	85.9079	0.0000
1153.4030	85.8237	0.0000
1163.4180	85.7241	0.0000
1173.5200	85.6281	0.0000
1183.7100	85.5563	0.0000
1193.9880	85.5041	0.0000
1204.3550	85.4520	0.0000
1214.8130	85.3918	0.0000
1225.3610	85.3172	0.0000
1236.0010	85.2177	0.0000
1246.7330	85.1033	0.0000
1257.5580	85.0018	0.0000
1268.4780	84.9068	0.0000
1279.4920	84.8437	0.0000
1290.6020	84.8137	0.0000
1301.8080	84.8135	0.0000
1313.1110	84.8449	0.0000
1324.5130	84.9135	0.0000
1336.0140	85.0078	0.0000
1347.6140	85.0975	0.0000
1359.3160	85.1737	0.0000
1371.1190	85.2331	0.0000
1383.0240	85.2811	0.0000
1395.0330	85.3402	0.0000
1407.1460	85.3989	0.0000
1419.3640	85.4632	0.0000
1431.6880	85.5089	0.0000
1444.1200	85.5291	0.0000
1456.6590	85.5255	0.0000
1469.3070	85.5062	0.0000
1482.0650	85.4921	0.0000
1494.9340	85.4828	0.0000
1507.9140	85.4629	0.0000
1521.0080	85.4205	0.0000
1534.2140	85.3681	0.0000
1547.5360	85.3139	0.0000
1560.9730	85.2625	0.0000
1574.5270	85.2173	0.0000
1588.1990	85.1639	0.0000
1601.9890	85.1165	0.0000
1615.8990	85.0859	0.0000
1629.9300	85.0874	0.0000
1644.0830	85.1105	0.0000
1658.3580	85.1608	0.0000
1672.7580	85.2202	0.0000
1687.2820	85.2536	0.0000
1701.9330	85.2799	0.0000
1716.7110	85.3186	0.0000
1731.6170	85.3637	0.0000
1746.6520	85.4087	0.0000
1761.8180	85.4345	0.0000
1777.1160	85.4476	0.0000
1792.5470	85.4655	0.0000
1808.1120	85.4858	0.0000
1823.8110	85.5147	0.0000
1839.6480	85.5338	0.0000
1855.6210	85.5310	0.0000
1871.7330	85.5347	0.0000
1887.9860	85.5138	0.0000
1904.3790	85.4765	0.0000
1920.9150	85.4360	0.0000
1937.5940	85.3947	0.0000
1954.4180	85.3511	0.0000
1971.3880	85.3067	0.0000
1988.5060	85.2848	0.0000
2005.7720	85.3048	0.0000
2023.1880	85.3474	0.0000
2040.7550	85.3873	0.0000
2058.4750	85.4371	0.0000
2076.3490	85.4809	0.0000
2094.3780	85.5098	0.0000
2112.5630	85.5647	0.0000
2130.9070	85.6426	0.0000
2149.4090	85.7271	0.0000
2168.0720	85.7928	0.0000
2186.8980	85.8560	0.0000
2205.8870	85.9119	0.0000
2225.0400	85.9717	0.0000
2244.3600	86.0230	0.0000
2263.8480	86.0351	0.0000
2283.5050	86.0199	0.0000
2303.3330	86.0013	0.0000
2323.3320	85.9845	0.0000
2343.5060	85.9851	0.0000
2363.8540	86.0011	0.0000
2384.3800	86.0408	0.0000
2405.0830	86.0636	0.0000
2425.9670	86.0417	0.0000
2447.0310	85.9733	0.0000
2468.2790	85.9141	0.0000
2489.7110	85.8750	0.0000
2511.3290	85.8496	0.0000
2533.1350	85.8033	0.0000
2555.1300	85.7556	0.0000
2577.3160	85.7414	0.0000
2599.6950	85.7244	0.0000
2622.2680	85.7059	0.0000
2645.0370	85.6999	0.0000
2668.0040	85.6817	0.0000
2691.1700	85.6549	0.0000
2714.5370	85.6117	0.0000
2738.1080	85.5667	0.0000
2761.8830	85.5450	0.0000
2785.8640	85.5651	0.0000
2810.0540	85.5809	0.0000
2834.4530	85.5472	0.0000
2859.0650	85.4666	0.0000
2883.8900	85.4271	0.0000
2908.9310	85.4054	0.0000
2934.1890	85.3565	0.0000
2959.6660	85.3339	0.0000
2985.3650	85.3532	0.0000
3011.2870	85.3947	0.0000
3037.4340	85.4030	0.0000
3063.8080	85.3761	0.0000
3090.4110	85.3669	0.0000
3117.2450	85.3646	0.0000
3144.3120	85.3666	0.0000
3171.6140	85.3741	0.0000
3199.1530	85.3802	0.0000
3226.9310	85.4232	0.0000
3254.9510	85.4890	0.0000
3283.2130	85.5232	0.0000
3311.7210	85.5912	0.0000
3340.4770	85.6812	0.0000
3369.4820	85.7602	0.0000
3398.7390	85.8098	0.0000
3428.2510	85.8158	0.0000
3458.0180	85.8792	0.0000
3488.0440	85.9596	0.0000
3518.3300	86.0554	0.0000
3548.8800	86.1682	0.0000
3579.6950	86.2654	0.0000
3610.7770	86.3966	0.0000
3642.1300	86.5573	0.0000
3673.7540	86.7352	0.0000
3705.6530	86.9062	0.0000
3737.8290	87.0718	0.0000
3770.2850	87.2109	0.0000
3803.0220	87.3535	0.0000
3836.0440	87.5167	0.0000
3869.3520	87.6941	0.0000
3902.9500	87.8882	0.0000
3936.8390	88.0815	0.0000
3971.0220	88.3181	0.0000
4005.5030	88.5328	0.0000
4040.2820	88.7263	0.0000
4075.3640	88.9047	0.0000
4110.7500	89.0405	0.0000
4146.4440	89.1691	0.0000
4182.4470	89.3038	0.0000
4218.7640	89.4970	0.0000
4255.3950	89.6819	0.0000
4292.3450	89.8093	0.0000
4329.6150	89.8824	0.0000
4367.2090	89.9089	0.0000
4405.1290	89.8971	0.0000
4443.3790	89.8453	0.0000
4481.9610	89.7175	0.0000
4520.8770	89.5415	0.0000
4560.1320	89.4294	0.0000
4599.7280	89.3626	0.0000
4639.6670	89.3055	0.0000
4679.9530	89.2503	0.0000
4720.5890	89.2611	0.0000
4761.5780	89.2949	0.0000
4802.9230	89.2851	0.0000
4844.6260	89.2698	0.0000
4886.6920	89.2875	0.0000
4929.1230	89.3353	0.0000
4971.9230	89.4247	0.0000
5015.0940	89.5595	0.0000
5058.6400	89.7663	0.0000
5102.5640	90.0406	0.0000
5146.8690	90.3359	0.0000
5191.5590	90.5471	0.0000
5236.6380	90.6970	0.0000
5282.1070	90.8454	0.0000
5327.9720	90.9847	0.0000
5374.2340	91.0549	0.0000
5420.8990	91.0932	0.0000
5467.9680	91.1657	0.0000
5515.4470	91.2975	0.0000
5563.3370	91.4364	0.0000
5611.6430	91.5829	0.0000
5660.3690	91.7137	0.0000
5709.5180	91.8239	0.0000
5759.0940	91.9222	0.0000
5809.1000	92.0414	0.0000
5859.5400	92.2075	0.0000
5910.4180	92.4166	0.0000
5961.7390	92.6646	0.0000
6013.5040	92.9632	0.0000
6065.7190	93.2853	0.0000
6118.3880	93.6023	0.0000
6171.5140	93.9149	0.0000
6225.1010	94.2140	0.0000
6279.1530	94.4763	0.0000
6333.6750	94.7440	0.0000
6388.6700	95.0236	0.0000
6444.1430	95.2766	0.0000
6500.0970	95.4744	0.0000
6556.5380	95.6283	0.0000
6613.4680	95.7597	0.0000
6670.8920	95.7908	0.0000
6728.8160	95.7452	0.0000
6787.2420	95.6269	0.0000
6846.1750	95.4358	0.0000
6905.6210	95.2042	0.0000
6965.5820	94.9119	0.0000
7026.0640	94.5431	0.0000
7087.0710	94.1276	0.0000
7148.6080	93.6972	0.0000
7210.6790	93.2394	0.0000
7273.2890	92.7670	0.0000
7336.4430	92.3080	0.0000
7400.1450	91.8854	0.0000
7464.4010	91.5068	0.0000
7529.2140	91.1441	0.0000
7594.5900	90.8666	0.0000
7660.5340	90.6645	0.0000
7727.0500	90.5604	0.0000
7794.1440	90.4998	0.0000
7861.8200	90.4710	0.0000
7930.0840	90.5291	0.0000
7998.9410	90.7040	0.0000
8068.3960	90.9082	0.0000
8138.4530	91.1176	0.0000
8209.1200	91.3141	0.0000
8280.3990	91.4826	0.0000
8352.2980	91.6470	0.0000
8424.8210	91.8217	0.0000
8497.9730	91.9586	0.0000
8571.7610	92.0294	0.0000
8646.1890	92.0308	0.0000
8721.2640	91.9754	0.0000
8796.9910	91.8600	0.0000
8873.3750	91.7358	0.0000
8950.4220	91.6043	0.0000
9028.1380	91.4619	0.0000
9106.5300	91.2915	0.0000
9185.6010	91.1471	0.0000
9265.3600	91.0279	0.0000
9345.8110	90.9376	0.0000
9426.9600	90.8860	0.0000
9508.8140	90.8448	0.0000
9591.3790	90.7927	0.0000
9674.6610	90.7407	0.0000
9758.6660	90.7015	0.0000
9843.4000	90.6955	0.0000
9928.8700	90.7174	0.0000
10015.0800	90.7537	0.0000
10102.0400	90.7931	0.0000
10189.7600	90.8031	0.0000
10278.2400	90.7320	0.0000
10367.4800	90.6026	0.0000
10457.5000	90.4360	0.0000
10548.3100	90.2182	0.0000
10639.9000	89.9544	0.0000
10732.2800	89.6071	0.0000
10825.4700	89.2083	0.0000
10919.4700	88.8013	0.0000
11014.2800	88.3745	0.0000
11109.9200	87.9598	0.0000
11206.3900	87.4477	0.0000
11303.6900	86.8606	0.0000
11401.8400	86.2272	0.0000
11500.8400	85.5449	0.0000
11600.7000	84.7720	0.0000
11701.4300	83.9766	0.0000
11803.0400	83.1789	0.0000
11905.5200	82.3793	0.0000
12008.9000	81.5843	0.0000
12113.1700	80.8299	0.0000
12218.3500	80.1603	0.0000
12324.4400	79.5906	0.0000
12431.4500	79.0308	0.0000
12539.3900	78.4615	0.0000
12648.2700	77.8935	0.0000
12758.1000	77.4412	0.0000
12868.8800	77.0776	0.0000
12980.6200	76.7620	0.0000
13093.3300	76.4861	0.0000
13207.0200	76.3152	0.0000
13321.6900	76.2068	0.0000
13437.3600	76.1005	0.0000
13554.0400	76.0219	0.0000
13671.7300	75.9671	0.0000
13790.4400	75.9060	0.0000
13910.1800	75.8364	0.0000
14030.9700	75.7385	0.0000
14152.8000	75.6844	0.0000
14275.6800	75.7128	0.0000
14399.6400	75.8071	0.0000
14524.6700	75.9357	0.0000
14650.7900	76.0815	0.0000
14778.0000	76.2562	0.0000
14906.3200	76.4807	0.0000
15035.7500	76.6792	0.0000
15166.3100	76.8468	0.0000
15297.9900	77.0684	0.0000
15430.8300	77.2968	0.0000
15564.8100	77.5893	0.0000
15699.9600	77.9694	0.0000
15836.2800	78.3806	0.0000
15973.7900	78.7219	0.0000
16112.4900	78.9718	0.0000
16252.3900	79.1510	0.0000
16393.5100	79.1715	0.0000
16535.8600	79.1238	0.0000
16679.4400	79.0606	0.0000
16824.2700	78.9503	0.0000
16970.3500	78.7933	0.0000
17117.7000	78.6392	0.0000
17266.3400	78.4507	0.0000
17416.2600	78.1336	0.0000
17567.4900	77.5786	0.0000
17720.0200	76.7666	0.0000
17873.8900	75.7877	0.0000
18029.0800	74.7817	0.0000
18185.6300	73.8561	0.0000
18343.5400	73.0219	0.0000
18502.8100	72.2834	0.0000
18663.4700	71.7804	0.0000
18825.5300	71.2996	0.0000
18988.9900	70.3831	0.0000
19153.8700	69.3383	0.0000
19320.1800	68.2934	0.0000
19487.9400	67.2486	0.0000
19657.1500	66.2037	0.0000
19827.8400	65.1589	0.0000
20000.0000	64.1140	0.0000