Freq	Ohm	Deg
20.0000	7.8289	32.7481
20.1737	7.8767	33.2353
20.3488	7.9128	33.4686
20.5255	7.9429	33.7764
20.7037	7.9710	34.2063
20.8835	8.0051	34.6928
21.0648	8.0431	34.9614
21.2477	8.0654	35.4499
21.4322	8.1135	36.0430
21.6183	8.1568	36.3235
21.8060	8.1960	36.6870
21.9954	8.2406	37.1364
22.1864	8.2917	37.3485
22.3790	8.3256	37.5431
22.5733	8.3649	37.8855
22.7693	8.4012	38.2479
22.9670	8.4433	38.7502
23.1665	8.4969	39.1124
23.3676	8.5428	39.3544
23.5705	8.5892	39.7378
23.7752	8.6448	39.9663
23.9816	8.6863	39.9184
24.1899	8.7070	40.2578
24.3999	8.7523	40.8186
24.6118	8.7970	41.1686
24.8255	8.8415	41.6365
25.0410	8.8978	42.2410
25.2585	8.9704	42.5425
25.4778	9.0243	42.7534
25.6990	9.0884	43.0251
25.9221	9.1434	43.0118
26.1472	9.1765	43.1615
26.3743	9.2160	43.6927
26.6033	9.2723	44.1869
26.8343	9.3277	44.5611
27.0673	9.3850	45.1196
27.3023	9.4634	45.6024
27.5393	9.5371	45.8600
27.7785	9.6091	46.0518
28.0197	9.6712	46.2623
28.2630	9.7340	46.5849
28.5084	9.7987	46.9786
28.7559	9.8714	47.3089
29.0056	9.9376	47.6619
29.2575	10.0144	48.0348
29.5115	10.0869	48.3587
29.7677	10.1638	48.7246
30.0262	10.2410	49.1155
30.2869	10.3248	49.5382
30.5499	10.4118	50.1590
30.8152	10.5329	50.5932
31.0827	10.6387	50.5624
31.3526	10.7239	50.6650
31.6249	10.8142	50.9449
31.8995	10.9075	50.9938
32.1765	10.9735	51.0773
32.4558	11.0433	51.5586
32.7377	11.1341	52.0738
33.0219	11.2293	52.4441
33.3086	11.3245	52.8769
33.5979	11.4326	53.3951
33.8896	11.5541	53.7122
34.1839	11.6624	53.9625
34.4807	11.7767	54.2986
34.7801	11.8906	54.6464
35.0821	12.0121	54.9761
35.3867	12.1306	55.2710
35.6939	12.2515	55.5968
36.0039	12.3729	55.9864
36.3165	12.5052	56.3556
36.6318	12.6331	56.7944
36.9499	12.7814	57.3873
37.2707	12.9514	57.6883
37.5944	13.0992	57.8495
37.9208	13.2489	58.2284
38.2500	13.4113	58.6181
38.5822	13.5759	58.9969
38.9172	13.7514	59.4848
39.2551	13.9503	59.7583
39.5960	14.1269	59.9299
39.9398	14.3124	60.2205
40.2866	14.4965	60.5110
40.6364	14.6881	60.8490
40.9892	14.8858	61.1753
41.3451	15.0879	61.4909
41.7041	15.2925	61.8851
42.0662	15.5140	62.3652
42.4315	15.7528	62.8620
42.7999	16.0133	63.3562
43.1716	16.2971	63.5790
43.5464	16.5557	63.7157
43.9245	16.8250	63.9861
44.3059	17.0968	64.2622
44.6906	17.3789	64.6029
45.0787	17.6762	64.9398
45.4701	17.9828	65.2702
45.8649	18.3034	65.6011
46.2632	18.6327	65.9917
46.6649	18.9889	66.5185
47.0700	19.3878	67.0256
47.4788	19.8191	67.0858
47.8910	20.1943	67.2284
48.3069	20.6281	67.6092
48.7263	21.0656	67.7745
49.1494	21.5070	68.1048
49.5762	21.9965	68.5405
50.0066	22.5224	68.7080
50.4408	23.0282	68.8938
50.8788	23.5783	69.3214
51.3206	24.1773	69.7793
51.7662	24.8358	70.2505
52.2157	25.5672	70.2892
52.6691	26.2439	70.2054
53.1264	26.9685	70.4114
53.5877	27.7362	70.5864
54.0530	28.5464	70.7668
54.5223	29.4112	70.8921
54.9957	30.3083	70.9577
55.4733	31.2430	71.2346
55.9549	32.2937	71.6727
56.4408	33.4553	72.1183
56.9309	34.7657	72.6479
57.4252	36.2851	72.4860
57.9238	37.7177	71.9797
58.4268	39.2585	71.8720
58.9341	40.9276	71.8182
59.4458	42.7747	71.6310
59.9620	44.7409	71.2672
60.4826	46.8592	70.8950
61.0078	49.1617	70.4846
61.5375	51.6726	69.9033
62.0719	54.3336	69.8630
62.6108	57.6865	70.0072
63.1545	61.5597	68.5711
63.7029	65.2703	66.4874
64.2560	69.2301	65.2130
64.8139	73.8825	63.6854
65.3767	78.8302	61.7409
65.9444	84.4936	59.2747
66.5170	90.3398	56.4070
67.0945	97.0021	53.1931
67.6771	104.0092	49.1116
68.2647	111.4851	44.0729
68.8575	118.7287	38.4409
69.4554	126.4196	31.3535
70.0585	132.4007	22.3470
70.6668	136.3761	12.4964
71.2804	137.4119	2.5558
71.8993	136.1997	-6.3125
72.5236	133.6151	-14.1915
73.1533	130.1449	-21.7718
73.7885	125.5500	-29.4319
74.4292	119.7583	-36.6103
75.0755	113.3906	-43.2836
75.7274	106.3132	-49.5368
76.3849	98.8455	-54.1028
77.0481	92.2765	-57.2205
77.7171	86.4026	-60.5355
78.3920	80.6050	-63.6028
79.0726	75.3290	-66.0632
79.7592	70.3797	-68.6853
80.4518	65.4377	-70.1452
81.1503	61.4134	-70.4421
81.8550	57.9425	-71.0845
82.5657	54.7815	-71.8071
83.2826	51.9247	-72.3856
84.0058	49.3370	-73.0547
84.7352	46.8804	-73.5950
85.4709	44.6666	-73.9113
86.2131	42.6220	-74.1574
86.9617	40.7739	-74.5570
87.7168	38.9592	-75.2523
88.4784	37.1325	-75.0229
89.2467	35.6945	-74.2934
90.0216	34.3907	-74.0916
90.8032	33.1834	-73.9402
91.5917	32.0795	-74.0705
92.3870	30.9543	-74.3308
93.1892	29.8707	-74.2136
93.9983	28.8897	-74.0206
94.8145	27.9505	-73.9250
95.6378	27.0550	-73.7022
96.4682	26.2262	-73.6117
97.3058	25.3740	-73.0729
98.1507	24.7037	-72.4474
99.0030	24.0168	-72.0909
99.8626	23.4085	-71.2305
100.7297	22.9294	-70.7244
101.6044	22.4345	-71.1097
102.4866	21.8342	-71.1395
103.3765	21.3239	-70.7887
104.2741	20.8056	-70.8057
105.1795	20.2650	-70.3658
106.0928	19.8197	-69.7030
107.0140	19.3937	-69.3016
107.9432	18.9897	-68.8797
108.8804	18.6095	-68.4871
109.8259	18.2433	-68.1434
110.7795	17.8887	-67.7748
111.7414	17.5525	-67.3625
112.7116	17.2365	-67.0016
113.6903	16.9286	-66.7761
114.6775	16.6142	-66.6807
115.6732	16.2791	-66.2351
116.6776	16.0021	-65.6258
117.6907	15.7302	-65.1989
118.7126	15.4759	-64.7628
119.7434	15.2293	-64.3691
120.7831	14.9924	-64.0031
121.8319	14.7585	-63.6148
122.8897	14.5382	-63.2269
123.9568	14.3208	-62.8711
125.0331	14.1115	-62.5644
126.1188	13.8970	-62.3474
127.2138	13.6727	-61.8597
128.3184	13.4847	-61.2430
129.4326	13.3043	-60.8011
130.5565	13.1293	-60.3670
131.6901	12.9619	-59.9405
132.8336	12.7993	-59.5503
133.9870	12.6387	-59.1370
135.1504	12.4867	-58.6968
136.3239	12.3412	-58.3005
137.5076	12.1986	-58.0096
138.7015	12.0479	-57.7717
139.9059	11.8910	-57.2939
141.1207	11.7583	-56.7268
142.3460	11.6289	-56.1470
143.5820	11.5246	-55.7209
144.8287	11.4045	-55.4573
146.0863	11.2893	-55.0851
147.3548	11.1758	-54.7192
148.6342	11.0674	-54.5315
149.9248	10.9366	-54.1879
151.2266	10.8313	-53.7248
152.5397	10.7188	-53.4991
153.8642	10.5981	-53.0700
155.2002	10.4955	-52.5386
156.5478	10.3958	-52.1267
157.9071	10.2975	-51.6974
159.2782	10.2045	-51.2447
160.6612	10.1157	-50.8167
162.0563	10.0291	-50.3757
163.4634	9.9489	-49.9464
164.8827	9.8707	-49.5983
166.3144	9.7908	-49.3189
167.7585	9.7063	-49.0806
169.2152	9.6150	-48.6926
170.6844	9.5354	-48.2215
172.1665	9.4572	-47.8252
173.6614	9.3809	-47.4250
175.1693	9.3064	-47.0212
176.6903	9.2339	-46.6000
178.2245	9.1648	-46.1784
179.7720	9.0978	-45.7803
181.3330	9.0319	-45.3889
182.9075	8.9679	-45.0454
184.4957	8.9003	-44.7583
186.0976	8.8276	-44.3101
187.7135	8.7673	-43.7770
189.3434	8.7100	-43.3513
190.9875	8.6531	-42.9335
192.6458	8.5990	-42.5098
194.3186	8.5467	-42.1420
196.0059	8.4918	-41.7888
197.7078	8.4373	-41.3597
199.4245	8.3879	-40.9319
201.1561	8.3389	-40.5830
202.9027	8.2871	-40.2469
204.6645	8.2342	-39.7918
206.4416	8.1899	-39.3357
208.2341	8.1441	-38.9576
210.0422	8.0992	-38.5566
211.8660	8.0552	-38.1385
213.7056	8.0136	-37.7086
215.5612	7.9741	-37.2784
217.4330	7.9372	-36.8754
219.3209	7.9005	-36.5096
221.2253	7.8639	-36.1800
223.1462	7.8246	-35.8791
225.0837	7.7828	-35.5111
227.0381	7.7442	-35.0916
229.0095	7.7070	-34.6493
230.9980	7.6749	-34.2474
233.0038	7.6405	-33.9153
235.0269	7.6050	-33.5301
237.0677	7.5724	-33.1117
239.1261	7.5416	-32.7526
241.2024	7.5084	-32.4049
243.2968	7.4762	-32.0296
245.4093	7.4439	-31.6620
247.5402	7.4112	-31.2376
249.6896	7.3832	-30.7897
251.8577	7.3565	-30.3672
254.0445	7.3323	-29.9730
256.2504	7.3077	-29.6438
258.4754	7.2805	-29.3252
260.7197	7.2520	-28.9206
262.9836	7.2282	-28.4953
265.2671	7.2045	-28.1018
267.5704	7.1827	-27.7162
269.8937	7.1607	-27.3562
272.2372	7.1386	-26.9897
274.6010	7.1171	-26.6087
276.9853	7.0968	-26.2294
279.3904	7.0772	-25.8661
281.8163	7.0577	-25.5221
284.2633	7.0375	-25.2108
286.7316	7.0146	-24.8349
289.2213	6.9962	-24.4176
291.7326	6.9781	-24.0172
294.2657	6.9633	-23.6697
296.8208	6.9446	-23.3325
299.3981	6.9287	-22.9597
301.9978	6.9122	-22.6178
304.6200	6.8958	-22.2985
307.2650	6.8770	-21.9174
309.9330	6.8633	-21.5264
312.6241	6.8480	-21.2114
315.3386	6.8312	-20.8369
318.0767	6.8176	-20.4279
320.8386	6.8054	-20.0561
323.6244	6.7934	-19.7182
326.4344	6.7803	-19.3771
329.2688	6.7680	-19.0157
332.1279	6.7562	-18.6616
335.0117	6.7444	-18.3004
337.9206	6.7336	-17.9056
340.8548	6.7257	-17.5281
343.8144	6.7178	-17.2317
346.7998	6.7066	-16.9084
349.8110	6.6981	-16.5686
352.8484	6.6877	-16.2590
355.9122	6.6773	-15.9343
359.0026	6.6660	-15.5666
362.1198	6.6578	-15.1802
365.2641	6.6498	-14.7992
368.4357	6.6445	-14.4396
371.6348	6.6380	-14.1053
374.8617	6.6324	-13.7829
378.1166	6.6250	-13.4758
381.3998	6.6171	-13.1100
384.7115	6.6118	-12.6966
388.0519	6.6097	-12.3505
391.4214	6.6049	-12.0321
394.8201	6.6014	-11.6881
398.2483	6.5975	-11.3660
401.7063	6.5932	-11.0453
405.1943	6.5879	-10.6642
408.7126	6.5865	-10.2608
412.2614	6.5856	-9.8848
415.8411	6.5863	-9.5179
419.4518	6.5867	-9.1542
423.0939	6.5883	-8.7335
426.7676	6.5941	-8.2850
430.4732	6.6033	-7.8596
434.2110	6.6155	-7.4560
437.9813	6.6311	-7.1105
441.7842	6.6471	-6.8504
445.6202	6.6620	-6.6602
449.4896	6.6742	-6.5200
453.3925	6.6829	-6.3544
457.3293	6.6919	-6.1275
461.3002	6.7033	-5.9261
465.3057	6.7142	-5.7750
469.3459	6.7259	-5.7518
473.4213	6.7297	-5.9224
477.5320	6.7207	-6.1228
481.6784	6.7018	-6.1864
485.8608	6.6793	-6.1528
490.0795	6.6511	-5.9765
494.3349	6.6264	-5.5871
498.6272	6.6090	-5.1613
502.9567	6.5950	-4.8058
507.3239	6.5808	-4.4198
511.7290	6.5712	-3.9749
516.1723	6.5653	-3.5621
520.6542	6.5609	-3.1793
525.1751	6.5580	-2.7964
529.7351	6.5569	-2.4226
534.3348	6.5566	-2.0649
538.9744	6.5573	-1.7304
543.6543	6.5573	-1.3890
548.3749	6.5589	-1.0322
553.1364	6.5612	-0.6986
557.9393	6.5632	-0.3670
562.7839	6.5657	-0.0056
567.6705	6.5703	0.3723
572.5996	6.5767	0.7217
577.5714	6.5831	1.0550
582.5865	6.5904	1.4062
587.6451	6.5998	1.7097
592.7476	6.6069	1.9712
597.8944	6.6132	2.2738
603.0859	6.6206	2.6047
608.3225	6.6294	2.9060
613.6045	6.6370	3.1934
618.9325	6.6452	3.4935
624.3066	6.6534	3.7854
629.7275	6.6613	4.0711
635.1954	6.6686	4.3870
640.7108	6.6778	4.7339
646.2741	6.6886	5.0500
651.8857	6.6988	5.3603
657.5460	6.7102	5.7139
663.2554	6.7247	5.9981
669.0145	6.7350	6.2695
674.8235	6.7475	6.5951
680.6830	6.7600	6.9129
686.5933	6.7735	7.2658
692.5550	6.7896	7.6916
698.5685	6.8131	8.0225
704.6341	6.8322	8.2408
710.7524	6.8507	8.4950
716.9239	6.8688	8.7385
723.1489	6.8856	8.9509
729.4280	6.8989	9.2524
735.7616	6.9175	9.6245
742.1502	6.9381	9.9217
748.5943	6.9571	10.2188
755.0943	6.9776	10.5746
761.6508	7.0009	10.9684
768.2642	7.0277	11.4499
774.9350	7.0642	11.9889
781.6638	7.1102	12.4138
788.4509	7.1583	12.7831
795.2970	7.2154	13.0343
802.2026	7.2696	13.0659
809.1681	7.3187	12.9551
816.1941	7.3560	12.8655
823.2811	7.3918	12.8864
830.4296	7.4258	12.8939
837.6402	7.4553	13.0902
844.9134	7.4983	13.6011
852.2498	7.5660	14.0840
859.6499	7.6509	14.0513
867.1142	7.7243	13.6165
874.6433	7.7919	12.7161
882.2379	7.8162	11.4209
889.8983	7.8035	10.2905
897.6253	7.7617	9.6321
905.4193	7.7198	9.3346
913.2811	7.6724	9.2245
921.2111	7.6323	9.3423
929.2099	7.6008	9.4285
937.2783	7.5689	9.3487
945.4166	7.5267	9.3971
953.6257	7.4921	9.6966
961.9060	7.4664	9.9233
970.2582	7.4389	9.9670
978.6829	7.4014	10.1405
987.1808	7.3709	10.4988
995.7525	7.3431	10.8885
1004.4000	7.3209	11.3339
1013.1000	7.3031	11.9092
1021.9000	7.3003	12.4701
1030.8000	7.3000	12.8840
1039.7000	7.3025	13.2580
1048.8000	7.3056	13.6173
1057.9000	7.3115	13.9334
1067.1000	7.3152	14.2080
1076.3000	7.3186	14.5079
1085.7000	7.3220	14.8561
1095.1000	7.3291	15.2043
1104.6000	7.3359	15.5363
1114.2000	7.3447	15.9120
1123.9000	7.3573	16.2689
1133.6000	7.3704	16.5615
1143.5000	7.3817	16.9662
1153.4000	7.4043	17.3348
1163.4000	7.4229	17.5708
1173.5000	7.4424	17.8367
1183.7000	7.4626	18.0433
1194.0000	7.4802	18.0997
1204.4000	7.4855	18.2519
1214.8000	7.4964	18.5503
1225.4000	7.5071	18.8113
1236.0000	7.5188	19.1010
1246.7000	7.5322	19.4029
1257.6000	7.5472	19.7158
1268.5000	7.5650	20.0175
1279.5000	7.5838	20.2663
1290.6000	7.6011	20.5001
1301.8000	7.6189	20.7312
1313.1000	7.6354	20.9321
1324.5000	7.6496	21.1432
1336.0000	7.6633	21.4056
1347.6000	7.6785	21.7063
1359.3000	7.6960	22.0192
1371.1000	7.7161	22.2844
1383.0000	7.7340	22.5170
1395.0000	7.7514	22.8129
1407.1000	7.7724	23.1416
1419.4000	7.7958	23.4398
1431.7000	7.8202	23.7058
1444.1000	7.8448	23.9767
1456.7000	7.8722	24.1745
1469.3000	7.8938	24.3036
1482.1000	7.9123	24.4768
1494.9000	7.9289	24.7261
1507.9000	7.9485	24.9630
1521.0000	7.9633	25.3315
1534.2000	7.9930	25.6733
1547.5000	8.0150	25.9015
1561.0000	8.0408	26.2370
1574.5000	8.0700	26.5700
1588.2000	8.1037	26.7025
1602.0000	8.1214	26.9154
1615.9000	8.1517	27.2909
1629.9000	8.1820	27.5420
1644.1000	8.2125	27.7499
1658.4000	8.2393	27.9701
1672.8000	8.2677	28.2178
1687.3000	8.2944	28.4825
1701.9000	8.3233	28.8435
1716.7000	8.3594	29.2608
1731.6000	8.4037	29.5529
1746.7000	8.4441	29.7399
1761.8000	8.4840	29.9484
1777.1000	8.5244	30.0505
1792.5000	8.5537	30.2238
1808.1000	8.5901	30.6148
1823.8000	8.6383	30.8537
1839.6000	8.6785	30.9178
1855.6000	8.7134	31.1238
1871.7000	8.7567	31.2674
1888.0000	8.7879	31.3479
1904.4000	8.8199	31.6729
1920.9000	8.8658	31.9107
1937.6000	8.9026	32.0201
1954.4000	8.9394	32.3053
1971.4000	8.9869	32.5445
1988.5000	9.0300	32.6350
2005.8000	9.0679	32.8810
2023.2000	9.1196	33.1473
2040.8000	9.1703	33.1278
2058.5000	9.2046	33.1356
2076.3000	9.2417	33.3674
2094.4000	9.2876	33.5080
2112.6000	9.3264	33.4735
2130.9000	9.3541	33.6041
2149.4000	9.3934	33.7765
2168.1000	9.4257	33.7999
2186.9000	9.4509	33.9834
2205.9000	9.4865	34.2501
2225.0000	9.5236	34.3327
2244.4000	9.5484	34.5102
2263.8000	9.5846	34.8734
2283.5000	9.6298	35.0181
2303.3000	9.6604	35.1192
2323.3000	9.6945	35.4044
2343.5000	9.7352	35.6191
2363.9000	9.7693	35.7852
2384.4000	9.8019	36.1805
2405.1000	9.8532	36.6560
2426.0000	9.9116	36.9754
2447.0000	9.9710	37.2143
2468.3000	10.0300	37.4506
2489.7000	10.0914	37.6715
2511.3000	10.1510	37.9300
2533.1000	10.2173	38.2951
2555.1000	10.2954	38.6124
2577.3000	10.3754	38.8768
2599.7000	10.4626	39.2396
2622.3000	10.5679	39.5368
2645.0000	10.6779	39.6751
2668.0000	10.7938	39.7582
2691.2000	10.9183	39.5320
2714.5000	11.0195	39.0382
2738.1000	11.1041	38.5471
2761.9000	11.1734	37.9212
2785.9000	11.2113	37.2166
2810.1000	11.2222	36.7777
2834.5000	11.2339	36.4342
2859.1000	11.2248	36.0592
2883.9000	11.2035	35.9524
2908.9000	11.1886	36.0982
2934.2000	11.1867	36.1711
2959.7000	11.1732	36.2666
2985.4000	11.1687	36.5971
3011.3000	11.1784	36.9814
3037.4000	11.1990	37.3192
3063.8000	11.2243	37.7383
3090.4000	11.2712	38.1601
3117.2000	11.3250	38.3489
3144.3000	11.3712	38.5254
3171.6000	11.4261	38.7901
3199.2000	11.4889	38.9479
3226.9000	11.5490	39.0163
3255.0000	11.6090	39.0856
3283.2000	11.6715	39.0308
3311.7000	11.7213	38.8518
3340.5000	11.7602	38.6717
3369.5000	11.7894	38.3972
3398.7000	11.7944	38.0999
3428.3000	11.7830	37.9932
3458.0000	11.7681	38.0290
3488.0000	11.7474	38.1440
3518.3000	11.7219	38.6619
3548.9000	11.7354	39.8040
3579.7000	11.8309	40.0543
3610.8000	11.8402	39.8160
3642.1000	11.8661	40.3143
3673.8000	11.9144	40.6260
3705.7000	11.9503	40.4415
3737.8000	11.9309	41.1040
3770.3000	12.0172	42.0943
3803.0000	12.0933	42.3424
3836.0000	12.1689	42.6782
3869.4000	12.2556	43.0068
3902.9000	12.3467	43.1632
3936.8000	12.4289	43.2696
3971.0000	12.5135	43.4238
4005.5000	12.6016	43.4579
4040.3000	12.6786	43.3506
4075.4000	12.7417	43.2741
4110.8000	12.8012	43.2232
4146.4000	12.8518	43.0630
4182.4000	12.8807	42.9245
4218.8000	12.9003	42.9661
4255.4000	12.9200	43.0882
4292.3000	12.9338	43.4349
4329.6000	12.9745	43.9297
4367.2000	13.0267	44.3098
4405.1000	13.0846	44.7121
4443.4000	13.1573	45.1720
4482.0000	13.2467	45.5378
4520.9000	13.3397	45.8237
4560.1000	13.4428	46.0115
4599.7000	13.5408	46.0714
4639.7000	13.6353	46.0686
4680.0000	13.7210	45.9204
4720.6000	13.7827	45.7618
4761.6000	13.8341	45.7772
4802.9000	13.8880	45.7971
4844.6000	13.9272	45.8849
4886.7000	13.9745	46.2017
4929.1000	14.0415	46.4918
4971.9000	14.1097	46.6535
5015.1000	14.1759	46.8196
5058.6000	14.2452	46.9737
5102.6000	14.3105	47.0810
5146.9000	14.3691	47.2880
5191.6000	14.4383	47.6569
5236.6000	14.5273	47.9891
5282.1000	14.6210	48.1603
5328.0000	14.7086	48.3288
5374.2000	14.8039	48.5118
5420.9000	14.8984	48.6289
5468.0000	14.9907	48.7644
5515.4000	15.0880	48.8847
5563.3000	15.1832	48.9087
5611.6000	15.2677	48.9351
5660.4000	15.3519	48.9922
5709.5000	15.4311	49.0427
5759.1000	15.5073	49.1441
5809.1000	15.5869	49.2480
5859.5000	15.6623	49.3342
5910.4000	15.7357	49.4796
5961.7000	15.8136	49.6992
6013.5000	15.9013	49.9230
6065.7000	15.9934	50.0879
6118.4000	16.0838	50.2837
6171.5000	16.1854	50.4816
6225.1000	16.2870	50.6071
6279.2000	16.3865	50.7773
6333.7000	16.4961	50.9974
6388.7000	16.6168	51.0451
6444.1000	16.7158	51.0392
6500.1000	16.8173	51.1449
6556.5000	16.9208	51.2272
6613.5000	17.0211	51.3170
6670.9000	17.1248	51.4699
6728.8000	17.2400	51.4925
6787.2000	17.3324	51.4599
6846.2000	17.4245	51.5715
6905.6000	17.5225	51.7304
6965.6000	17.6280	51.8451
7026.1000	17.7287	51.9631
7087.1000	17.8374	52.1184
7148.6000	17.9493	52.2377
7210.7000	18.0614	52.3456
7273.3000	18.1741	52.5387
7336.4000	18.3065	52.7499
7400.1000	18.4470	52.7654
7464.4000	18.5676	52.7465
7529.2000	18.6925	52.8035
7594.6000	18.8167	52.8281
7660.5000	18.9384	52.8835
7727.1000	19.0684	52.9412
7794.1000	19.1996	52.9048
7861.8000	19.3212	52.7946
7930.1000	19.4306	52.6493
7998.9000	19.5238	52.5049
8068.4000	19.6026	52.4769
8138.5000	19.6886	52.4797
8209.1000	19.7620	52.4867
8280.4000	19.8370	52.6084
8352.3000	19.9206	52.8096
8424.8000	20.0200	52.9886
8498.0000	20.1198	53.1090
8571.8000	20.2197	53.2706
8646.2000	20.3289	53.4700
8721.3000	20.4461	53.6383
8797.0000	20.5639	53.8462
8873.4000	20.7001	54.0952
8950.4000	20.8504	54.1762
9028.1000	20.9805	54.1950
9106.5000	21.1123	54.3115
9185.6000	21.2502	54.4083
9265.4000	21.3843	54.5122
9345.8000	21.5265	54.6850
9427.0000	21.6852	54.7380
9508.8000	21.8233	54.7128
9591.4000	21.9594	54.7695
9674.7000	22.0971	54.8048
9758.7000	22.2239	54.9539
9843.4000	22.3809	55.1437
9928.9000	22.5374	55.2395
10015.1000	22.7002	55.3365
10102.0000	22.8665	55.4375
10189.8000	23.0453	55.4030
10278.2000	23.1941	55.3264
10367.5000	23.3460	55.3526
10457.5000	23.4964	55.3869
10548.3000	23.6499	55.4576
10639.9000	23.8112	55.5585
10732.3000	23.9848	55.6482
10825.5000	24.1665	55.6142
10919.5000	24.3287	55.5491
11014.3000	24.4937	55.5349
11109.9000	24.6559	55.5132
11206.4000	24.8192	55.5196
11303.7000	24.9905	55.4873
11401.8000	25.1552	55.3627
11500.8000	25.3040	55.1718
11600.7000	25.4278	54.9826
11701.4000	25.5328	54.8994
11803.0000	25.6373	54.9596
11905.5000	25.7582	55.0121
12008.9000	25.8661	55.1211
12113.2000	25.9996	55.3662
12218.3000	26.1565	55.7119
12324.4000	26.3726	55.8213
12431.5000	26.5437	55.7273
12539.4000	26.7172	55.7513
12648.3000	26.8891	55.7633
12758.1000	27.0602	55.6726
12868.9000	27.1919	55.8118
12980.6000	27.3947	56.1338
13093.3000	27.6195	56.1623
13207.0000	27.8232	56.1223
13321.7000	28.0371	56.1098
13437.4000	28.2493	55.9814
13554.0000	28.4406	55.7513
13671.7000	28.6013	55.5476
13790.4000	28.7523	55.3451
13910.2000	28.8688	55.1616
14031.0000	28.9721	55.1549
14152.8000	29.0891	55.3209
14275.7000	29.2404	55.5378
14399.6000	29.4169	55.6525
14524.7000	29.5911	55.7122
14650.8000	29.7744	55.7596
14778.0000	29.9542	55.7841
14906.3000	30.1369	55.8111
15035.8000	30.3183	55.8251
15166.3000	30.4980	55.8423
15298.0000	30.6768	55.8852
15430.8000	30.8613	55.9550
15564.8000	31.0524	56.0687
15700.0000	31.2644	56.2211
15836.3000	31.5013	56.2283
15973.8000	31.7087	56.1786
16112.5000	31.9240	56.2128
16252.4000	32.1451	56.2326
16393.5000	32.3703	56.2280
16535.9000	32.5951	56.2063
16679.4000	32.8215	56.1345
16824.3000	33.0311	56.0172
16970.4000	33.2238	55.9669
17117.7000	33.4223	56.0382
17266.3000	33.6474	56.1679
17416.3000	33.9010	56.1924
17567.5000	34.1410	56.1895
17720.0000	34.4051	56.1989
17873.9000	34.6688	56.1089
18029.1000	34.9225	56.0003
18185.6000	35.1753	55.9189
18343.5000	35.4361	55.8430
18502.8000	35.7072	55.6554
18663.5000	35.9492	55.3482
18825.5000	36.1588	55.0917
18989.0000	36.3682	54.8494
19153.9000	36.5568	54.4289
19320.2000	36.6675	53.9872
19487.9000	36.7414	53.7399
19657.2000	36.8087	53.5135
19827.8000	36.8222	53.4648
20000.0000	36.8792	53.5312