Freq	dB	Phase
20.0000	70.1733	94.5198
20.1737	70.3230	95.5600
20.3488	70.4727	95.9940
20.5255	70.6223	96.1391
20.7037	70.7720	96.1217
20.8835	70.9217	95.9999
21.0648	71.0714	95.8102
21.2478	71.2210	95.5734
21.4322	71.3707	95.2992
21.6183	71.5204	94.9943
21.8061	71.6701	94.6637
21.9954	71.8197	94.3286
22.1864	71.9694	93.9849
22.3790	72.1191	93.6285
22.5733	72.2688	93.2590
22.7693	72.4184	92.8772
22.9670	72.5681	92.4842
23.1665	72.7178	92.0810
23.3676	72.8674	91.6686
23.5705	73.0171	91.2482
23.7752	73.1668	90.8206
23.9816	73.3165	90.5089
24.1899	73.4661	90.1542
24.3999	73.6158	89.7728
24.6118	73.7595	89.3732
24.8255	73.9027	88.9602
25.0410	74.0455	88.5369
25.2585	74.1878	88.1053
25.4778	74.3296	87.6670
25.6990	74.4709	87.2229
25.9221	74.6117	86.7740
26.1472	74.7519	86.3212
26.3743	74.8915	85.8645
26.6033	75.0306	85.4042
26.8343	75.1691	84.9408
27.0673	75.3069	84.4746
27.3023	75.4440	84.0061
27.5394	75.5805	83.5357
27.7785	75.7163	83.0637
28.0197	75.8514	82.5903
28.2630	75.9858	82.1160
28.5084	76.1194	81.6409
28.7559	76.2522	81.1618
29.0056	76.3841	80.6798
29.2575	76.5153	80.1960
29.5115	76.6455	79.7110
29.7677	76.7748	79.2251
30.0262	76.9032	78.7388
30.2869	77.0307	78.2524
30.5499	77.1572	77.7661
30.8152	77.2827	77.2803
31.0827	77.4072	76.7950
31.3526	77.5307	76.3106
31.6249	77.6532	75.8271
31.8995	77.7746	75.3449
32.1765	77.8950	74.8639
32.4558	78.0142	74.3844
32.7377	78.1324	73.9065
33.0219	78.2495	73.4304
33.3086	78.3654	72.9561
33.5979	78.4802	72.4838
33.8896	78.5939	72.0135
34.1839	78.7065	71.5454
34.4807	78.8179	71.0796
34.7801	78.9282	70.6162
35.0821	79.0374	70.1555
35.3867	79.1454	69.6974
35.6939	79.2522	69.2421
36.0039	79.3580	68.7896
36.3165	79.4626	68.3400
36.6318	79.5661	67.8933
36.9499	79.6684	67.4495
37.2707	79.7697	67.0088
37.5944	79.8699	66.5710
37.9208	79.9691	66.1362
38.2501	80.0672	65.7045
38.5822	80.1642	65.2757
38.9172	80.2603	64.8499
39.2551	80.3553	64.4270
39.5960	80.4494	64.0070
39.9398	80.5426	63.5899
40.2866	80.6348	63.1756
40.6364	80.7262	62.7640
40.9892	80.8167	62.3552
41.3451	80.9064	61.9489
41.7041	80.9953	61.5452
42.0662	81.0834	61.1439
42.4315	81.1708	60.7449
42.7999	81.2575	60.3481
43.1716	81.3436	59.9534
43.5464	81.4290	59.5606
43.9245	81.5139	59.1697
44.3059	81.5982	58.7804
44.6906	81.6820	58.3926
45.0787	81.7654	58.0062
45.4701	81.8483	57.6210
45.8649	81.9308	57.2368
46.2632	82.0130	56.8534
46.6649	82.0949	56.4707
47.0701	82.1765	56.0884
47.4788	82.2578	55.7063
47.8910	82.3390	55.3243
48.3069	82.4199	54.9420
48.7263	82.5008	54.5593
49.1494	82.5815	54.1760
49.5762	82.6622	53.7918
50.0066	82.7428	53.4065
50.4408	82.8235	53.0197
50.8788	82.9041	52.6314
51.3206	82.9849	52.2411
51.7662	83.0657	51.8488
52.2157	83.1466	51.4540
52.6691	83.2276	51.0565
53.1264	83.3087	50.6561
53.5877	83.3901	50.2525
54.0530	83.4716	49.8454
54.5223	83.5533	49.4346
54.9958	83.6351	49.0197
55.4733	83.7173	48.6006
55.9550	83.7996	48.1769
56.4408	83.8821	47.7483
56.9309	83.9649	47.3147
57.4252	84.0480	46.8757
57.9238	84.1312	46.4311
58.4268	84.2147	45.9806
58.9341	84.2984	45.5240
59.4458	84.3823	45.0610
59.9620	84.4663	44.5914
60.4826	84.5506	44.1150
61.0078	84.6351	43.6315
61.5375	84.7197	43.1407
62.0719	84.8044	42.6424
62.6108	84.8893	42.1363
63.1545	84.9742	41.6224
63.7029	85.0593	41.1004
64.2560	85.1443	40.5702
64.8139	85.2294	40.0315
65.3767	85.3144	39.4843
65.9444	85.3994	38.9284
66.5170	85.4843	38.3636
67.0945	85.5691	37.7899
67.6771	85.6537	37.2071
68.2647	85.7382	36.6152
68.8575	85.8224	36.0141
69.4554	85.9064	35.4037
70.0585	85.9900	34.7839
70.6668	86.0734	34.1549
71.2804	86.1563	33.5164
71.8993	86.2388	32.8686
72.5236	86.3209	32.2113
73.1533	86.4024	31.5448
73.7885	86.4834	30.8689
74.4292	86.5639	30.1837
75.0755	86.6437	29.4893
75.7274	86.7228	28.7858
76.3849	86.8013	28.0733
77.0481	86.8790	27.3518
77.7172	86.9560	26.6214
78.3920	87.0322	25.8824
79.0726	87.1075	25.1348
79.7592	87.1819	24.3788
80.4518	87.2555	23.6145
81.1503	87.3281	22.8421
81.8550	87.3998	22.0617
82.5657	87.4704	21.2737
83.2826	87.5401	20.4781
84.0058	87.6087	19.6751
84.7352	87.6762	18.8651
85.4709	87.7427	18.0481
86.2131	87.8081	17.2244
86.9617	87.8723	16.3942
87.7168	87.9354	15.5578
88.4784	87.9974	14.7154
89.2467	88.0582	13.8672
90.0216	88.1178	13.0135
90.8032	88.1762	12.1545
91.5917	88.2335	11.2904
92.3870	88.2896	10.4215
93.1892	88.3445	9.5481
93.9983	88.3981	8.6703
94.8145	88.4507	7.7885
95.6378	88.5020	6.9028
96.4682	88.5521	6.0135
97.3058	88.6011	5.1208
98.1507	88.6489	4.2249
99.0030	88.6956	3.3261
99.8626	88.7411	2.4246
100.7297	88.7855	1.5205
101.6044	88.8288	0.6141
102.4866	88.8710	-0.2944
103.3765	88.9122	-1.2049
104.2741	88.9523	-2.1171
105.1795	88.9913	-3.0309
106.0928	89.0294	-3.9461
107.0140	89.0665	-4.8626
107.9432	89.1026	-5.7802
108.8804	89.1378	-6.6988
109.8259	89.1720	-7.6183
110.7795	89.2055	-8.5385
111.7414	89.2380	-9.4593
112.7116	89.2698	-10.3807
113.6903	89.3007	-11.3026
114.6775	89.3309	-12.2248
115.6732	89.3604	-13.1473
116.6776	89.3892	-14.0701
117.6907	89.4173	-14.9930
118.7126	89.4447	-15.9162
119.7434	89.4716	-16.8395
120.7831	89.4979	-17.7629
121.8319	89.5237	-18.6864
122.8897	89.5490	-19.6101
123.9568	89.5738	-20.5339
125.0331	89.5981	-21.4579
126.1188	89.6221	-22.3821
127.2138	89.6456	-23.3065
128.3184	89.6688	-24.2312
129.4326	89.6917	-25.1562
130.5565	89.7143	-26.0817
131.6901	89.7367	-27.0076
132.8336	89.7588	-27.9342
133.9870	89.7808	-28.8614
135.1504	89.8025	-29.7893
136.3239	89.8241	-30.7182
137.5076	89.8456	-31.6480
138.7015	89.8670	-32.5790
139.9059	89.8883	-33.5112
141.1207	89.9096	-34.4447
142.3460	89.9309	-35.3798
143.5820	89.9522	-36.3165
144.8287	89.9735	-37.2551
146.0863	89.9948	-38.1955
147.3548	90.0162	-39.1381
148.6342	90.0377	-40.0830
149.9248	90.0593	-41.0303
151.2266	90.0810	-41.9802
152.5397	90.1028	-42.9330
153.8642	90.1249	-43.8887
155.2002	90.1470	-44.8475
156.5478	90.1694	-45.8096
157.9071	90.1919	-46.7753
159.2782	90.2147	-47.7447
160.6612	90.2377	-48.7179
162.0563	90.2609	-49.6953
163.4634	90.2843	-50.6769
164.8827	90.3080	-51.6630
166.3144	90.3320	-52.6537
167.7585	90.3562	-53.6493
169.2152	90.3806	-54.6499
170.6844	90.4054	-55.6558
172.1665	90.4304	-56.6671
173.6614	90.4557	-57.6841
175.1693	90.4813	-58.7068
176.6903	90.5072	-59.7357
178.2245	90.5334	-60.7707
179.7720	90.5598	-61.8121
181.3330	90.5866	-62.8602
182.9075	90.6136	-63.9150
184.4957	90.6409	-64.9769
186.0976	90.6685	-66.0459
187.7135	90.6964	-67.1222
189.3434	90.7245	-68.2062
190.9875	90.7530	-69.2978
192.6458	90.7816	-70.3973
194.3186	90.8106	-71.5050
196.0059	90.8398	-72.6209
197.7078	90.8693	-73.7452
199.4245	90.8990	-74.8781
201.1561	90.9289	-76.0198
202.9027	90.9591	-77.1704
204.6645	90.9894	-78.3301
206.4416	91.0200	-79.4991
208.2341	91.0508	-80.6775
210.0422	91.0818	-81.8654
211.8660	91.1130	-83.0630
213.7056	91.1443	-84.2705
215.5612	91.1758	-85.4880
217.4330	91.2075	-86.7155
219.3209	91.2393	-87.9534
221.2253	91.2712	-89.2016
223.1462	91.3032	-90.4603
225.0837	91.3354	-91.7297
227.0381	91.3676	-93.0098
229.0095	91.4000	-94.3008
230.9980	91.4324	-95.6027
233.0038	91.4649	-96.9158
235.0269	91.4974	-98.2400
237.0677	91.5300	-99.5755
239.1261	91.5626	-100.9224
241.2024	91.5953	-102.2807
243.2968	91.6279	-103.6507
245.4093	91.6606	-105.0323
247.5402	91.6933	-106.4256
249.6896	91.7259	-107.8308
251.8577	91.7586	-109.2479
254.0445	91.7912	-110.6770
256.2504	91.8238	-112.1181
258.4754	91.8564	-113.5713
260.7197	91.9351	-106.2320
262.9836	92.0330	-107.4539
265.2671	92.1399	-108.7662
267.5704	92.2567	-110.2010
269.8937	92.3641	-111.8076
272.2372	92.4622	-113.5521
274.6010	92.5509	-115.3492
276.9853	92.6301	-117.1805
279.3904	92.6982	-118.9847
281.8163	92.7752	-120.8345
284.2633	92.8540	-122.7783
286.7316	92.9251	-124.8263
289.2213	92.9770	-126.9171
291.7326	93.0288	-129.0806
294.2657	93.0566	-131.3337
296.8208	93.0622	-133.5996
299.3981	93.0561	-135.7819
301.9978	93.0405	-137.9443
304.6200	93.0143	-140.0421
307.2650	92.9875	-142.1410
309.9330	92.9470	-144.2143
312.6241	92.8936	-146.2445
315.3386	92.8294	-148.1742
318.0767	92.7613	-150.0100
320.8386	92.6932	-151.7910
323.6244	92.6274	-153.5427
326.4344	92.5455	-155.1645
329.2688	92.4740	-156.6118
332.1279	92.4294	-157.9699
335.0117	92.3885	-159.3228
337.9206	92.3554	-160.6582
340.8548	92.3372	-161.9238
343.8144	92.3313	-163.1537
346.7998	92.3437	-164.3717
349.8110	92.3765	-165.5113
352.8484	92.4416	-166.6413
355.9122	92.5380	-168.0215
359.0026	92.6242	-169.5698
362.1198	92.7031	-171.0222
365.2641	92.8104	-172.5420
368.4357	92.9465	-174.2115
371.6348	93.0830	-176.1103
374.8617	93.2102	-178.1436
378.1166	93.3283	179.7112
381.3998	93.4262	177.4116
384.7115	93.5341	175.0394
388.0519	93.6244	172.5211
391.4214	93.7059	169.8362
394.8201	93.7633	166.9339
398.2483	93.7730	164.0086
401.7063	93.7581	161.1860
405.1943	93.7342	158.4430
408.7126	93.6859	155.6884
412.2614	93.6077	153.0716
415.8411	93.5037	150.7036
419.4518	93.4091	148.5572
423.0939	93.3281	146.5470
426.7676	93.2502	144.5802
430.4732	93.1737	142.6634
434.2110	93.0875	140.8592
437.9813	93.0060	139.2805
441.7842	92.9505	137.9040
445.6202	92.9502	136.6752
449.4896	93.0089	135.4311
453.3925	93.1085	134.0440
457.3293	93.2263	132.5068
461.3002	93.3610	130.8508
465.3057	93.5287	129.0312
469.3459	93.7091	126.9062
473.4213	93.8705	124.4919
477.5320	94.0112	121.9768
481.6784	94.1408	119.4132
485.8608	94.2738	116.7489
490.0795	94.3918	113.9543
494.3349	94.5061	110.9327
498.6272	94.5936	107.8230
502.9567	94.6710	104.5925
507.3239	94.7103	101.3018
511.7290	94.7202	98.2016
516.1723	94.7390	95.2509
520.6542	94.7687	92.2626
525.1751	94.7791	89.3219
529.7351	94.7957	86.5103
534.3348	94.8430	83.6808
538.9744	94.8728	80.7835
543.6543	94.9198	77.8931
548.3749	94.9583	74.9993
553.1364	95.0142	72.0515
557.9393	95.0626	69.1265
562.7839	95.1276	66.0732
567.6705	95.1883	62.9877
572.5996	95.2455	59.8671
577.5714	95.3108	56.6655
582.5865	95.3813	53.4382
587.6451	95.4367	50.0867
592.7476	95.4854	46.6280
597.8944	95.5353	43.1292
603.0859	95.5771	39.6191
608.3225	95.6237	36.0593
613.6045	95.6624	32.5084
618.9325	95.6905	28.9430
624.3066	95.7273	25.3570
629.7275	95.7529	21.6841
635.1954	95.7655	17.9585
640.7108	95.7893	14.2625
646.2741	95.8154	10.5284
651.8857	95.8356	6.6824
657.5460	95.8533	2.7514
663.2554	95.8610	-1.1750
669.0145	95.8620	-5.1907
674.8235	95.8605	-9.2720
680.6830	95.8382	-13.3851
686.5933	95.7898	-17.5447
692.5550	95.7408	-21.6305
698.5685	95.6727	-25.8152
704.6341	95.6053	-29.9885
710.7524	95.5084	-33.9776
716.9239	95.4214	-37.8714
723.1489	95.3160	-41.7865
729.4280	95.2006	-45.5195
735.7616	95.0743	-49.1032
742.1502	94.9556	-52.5788
748.5943	94.8437	-55.8332
755.0943	94.7657	-58.9883
761.6508	94.7287	-62.2191
768.2642	94.7041	-65.4855
774.9350	94.7098	-68.9268
781.6638	94.7036	-72.4476
788.4509	94.6986	-75.9203
795.2970	94.7112	-79.3478
802.2026	94.7386	-82.9296
809.1681	94.7527	-86.3924
816.1941	94.8128	-89.8352
823.2811	94.9147	-93.4997
830.4296	95.0079	-97.3892
837.6402	95.1062	-101.4267
844.9134	95.2157	-105.6105
852.2498	95.3143	-110.0224
859.6499	95.4008	-114.5718
867.1142	95.4630	-119.1079
874.6433	95.5221	-123.5852
882.2379	95.6044	-128.0894
889.8983	95.6906	-132.7245
897.6253	95.7604	-137.4784
905.4193	95.8269	-142.2971
913.2811	95.9136	-147.2614
921.2111	95.9874	-152.4728
929.2099	96.0468	-157.6781
937.2783	96.1167	-162.9594
945.4166	96.1935	-168.4790
953.6257	96.2410	-174.1967
961.9060	96.2411	-179.9968
970.2582	96.2317	174.3215
978.6829	96.2131	168.6693
987.1808	96.1755	162.9117
995.7525	96.1274	157.1793
1004.3990	96.0800	151.4610
1013.1200	96.0144	145.7560
1021.9170	95.9376	140.0982
1030.7900	95.8616	134.5062
1039.7400	95.7691	128.8281
1048.7680	95.6567	123.2191
1057.8750	95.5330	117.6812
1067.0600	95.4000	112.1965
1076.3260	95.2575	106.7566
1085.6710	95.1020	101.4245
1095.0980	94.9590	96.2227
1104.6070	94.8270	91.1330
1114.1980	94.7085	86.2163
1123.8730	94.6213	81.3923
1133.6310	94.5769	76.5094
1143.4750	94.5465	71.5042
1153.4030	94.5215	66.4494
1163.4180	94.5036	61.3919
1173.5200	94.5059	56.3207
1183.7100	94.5300	51.2129
1193.9880	94.5803	46.0926
1204.3550	94.6725	40.9652
1214.8130	94.8168	35.7162
1225.3610	94.9945	30.1381
1236.0010	95.1627	24.1770
1246.7330	95.3050	17.9439
1257.5580	95.4278	11.4854
1268.4780	95.5330	4.8686
1279.4920	95.6315	-1.9015
1290.6020	95.7256	-8.8274
1301.8080	95.7939	-15.8960
1313.1110	95.8618	-23.0984
1324.5130	95.9202	-30.3360
1336.0140	95.9693	-37.8618
1347.6140	96.0009	-45.6183
1359.3160	95.9760	-53.4336
1371.1190	95.9024	-61.2396
1383.0240	95.7974	-68.8913
1395.0330	95.6889	-76.2419
1407.1460	95.5969	-83.3466
1419.3640	95.5366	-90.5515
1431.6880	95.4606	-97.8695
1444.1200	95.3889	-105.0858
1456.6590	95.3366	-112.2749
1469.3070	95.2901	-119.6881
1482.0650	95.2300	-127.1764
1494.9340	95.1389	-134.6313
1507.9140	95.0462	-141.9242
1521.0080	94.9660	-149.0794
1534.2140	94.9255	-156.2098
1547.5360	94.9310	-163.5088
1560.9730	94.9517	-171.0323
1574.5270	94.9692	-178.8218
1588.1990	94.9663	173.1375
1601.9890	94.9313	165.0411
1615.8990	94.8838	157.0429
1629.9300	94.8317	149.0617
1644.0830	94.7680	141.0504
1658.3580	94.6967	133.2435
1672.7580	94.6588	125.6696
1687.2820	94.6849	118.0166
1701.9330	94.7425	110.0813
1716.7110	94.8071	101.8310
1731.6170	94.8621	93.3488
1746.6520	94.8872	84.8086
1761.8180	94.9368	76.2391
1777.1160	94.9838	67.4424
1792.5470	95.0106	58.4869
1808.1120	95.0220	49.6771
1823.8110	95.0706	40.7273
1839.6480	95.0999	31.4801
1855.6210	95.1285	22.2473
1871.7330	95.1781	12.7880
1887.9860	95.1929	2.8707
1904.3790	95.1501	-7.0667
1920.9150	95.0755	-16.8172
1937.5940	94.9881	-26.3799
1954.4180	94.9091	-35.7961
1971.3880	94.8274	-45.0830
1988.5060	94.7751	-54.1603
2005.7720	94.7844	-63.1753
2023.1880	94.8710	-72.4904
2040.7550	94.9504	-82.2679
2058.4750	94.9870	-92.1629
2076.3490	95.0242	-101.9100
2094.3780	95.1045	-111.7188
2112.5630	95.2186	-121.7965
2130.9070	95.3190	-132.1872
2149.4090	95.3920	-142.6584
2168.0720	95.4642	-153.0419
2186.8980	95.5835	-163.5103
2205.8870	95.7311	-174.2170
2225.0400	95.9027	174.7559
2244.3600	96.0886	163.3260
2263.8480	96.2433	151.6088
2283.5050	96.3689	139.7947
2303.3330	96.4728	127.9080
2323.3320	96.5724	115.8610
2343.5060	96.6640	103.4752
2363.8540	96.7002	90.9688
2384.3800	96.7328	78.7878
2405.0830	96.8120	66.5845
2425.9670	96.8998	54.0877
2447.0310	96.9987	41.4397
2468.2790	97.1306	28.5565
2489.7110	97.3147	15.3339
2511.3290	97.4800	1.6337
2533.1350	97.6364	-12.3819
2555.1300	97.7558	-26.8355
2577.3160	97.8075	-41.6417
2599.6950	97.8396	-56.6403
2622.2680	97.8360	-72.2106
2645.0370	97.7769	-88.1638
2668.0040	97.6625	-104.7283
2691.1700	97.4726	-121.3407
2714.5370	97.2179	-136.5790
2738.1080	96.9602	-150.3615
2761.8830	96.6680	-163.5946
2785.8640	96.2901	-176.5487
2810.0540	95.8138	170.9914
2834.4530	95.2613	158.9745
2859.0650	94.6431	147.5957
2883.8900	94.0921	136.6885
2908.9310	93.7171	125.9304
2934.1890	93.5797	115.3268
2959.6660	93.7350	104.6755
2985.3650	94.0511	93.8301
3011.2870	94.4463	82.8508
3037.4340	94.8902	71.2636
3063.8080	95.3405	58.3309
3090.4110	95.8258	43.9273
3117.2450	96.3469	28.3259
3144.3120	96.8529	11.7352
3171.6140	97.2917	-5.6194
3199.1530	97.6410	-23.6385
3226.9310	97.8921	-42.2266
3254.9510	98.0606	-61.0166
3283.2130	98.2092	-79.9031
3311.7210	98.3177	-99.1629
3340.4770	98.3266	-118.6510
3369.4820	98.2762	-137.8897
3398.7390	98.2065	-157.0024
3428.2510	98.1196	-176.0166
3458.0180	98.0212	164.7606
3488.0440	97.8375	145.5547
3518.3300	97.5685	126.8172
3548.8800	97.2220	108.4570
3579.6950	96.8312	90.9065
3610.7770	96.4981	74.1515
3642.1300	96.2847	57.7040
3673.7540	96.2004	40.9966
3705.6530	96.1736	23.8391
3737.8290	96.1526	6.8145
3770.2850	96.3041	-10.1790
3803.0220	96.5821	-27.3735
3836.0440	97.0648	-45.2113
3869.3520	97.5596	-64.2518
3902.9500	97.9222	-84.0104
3936.8390	98.2137	-104.5965
3971.0220	98.4530	-125.5862
4005.5030	98.6776	-147.1488
4040.2820	98.8646	-169.7711
4075.3640	98.9776	166.6491
4110.7500	98.9946	142.7656
4146.4440	98.9356	119.0492
4182.4470	98.8370	95.6517
4218.7640	98.7073	72.3204
4255.3950	98.5359	49.0310
4292.3450	98.2855	25.9318
4329.6150	97.9025	3.4109
4367.2090	97.5218	-18.2349
4405.1290	97.2812	-39.6469
4443.3790	97.1797	-61.4782
4481.9610	97.1648	-83.7979
4520.8770	97.1506	-106.5701
4560.1320	97.1647	-129.5891
4599.7280	97.2073	-152.9776
4639.6670	97.2790	-176.7345
4679.9530	97.3778	158.8836
4720.5890	97.4849	133.7637
4761.5780	97.5711	107.7712
4802.9230	97.5815	81.0248
4844.6260	97.5345	53.7939
4886.6920	97.4508	26.1581
4929.1230	97.2953	-1.7886
4971.9230	97.0074	-29.5312
5015.0940	96.6224	-56.7505
5058.6400	96.1384	-83.0708
5102.5640	95.6084	-108.7514
5146.8690	95.0593	-133.8327
5191.5590	94.5639	-158.7924
5236.6380	94.0711	176.5125
5282.1070	93.6185	151.9181
5327.9720	93.2649	126.9345
5374.2340	93.0446	101.4930
5420.8990	92.9998	75.4207
5467.9680	93.0129	48.3041
5515.4470	92.9941	20.3459
5563.3370	92.9307	-8.1735
5611.6430	92.8467	-36.9809
5660.3690	92.7629	-66.0949
5709.5180	92.6621	-95.4061
5759.0940	92.5305	-124.6374
5809.1000	92.3818	-153.7520
5859.5400	92.2316	176.8834
5910.4180	92.0262	146.9016
5961.7390	91.6431	116.8705
6013.5040	91.0218	87.5325
6065.7190	90.2482	58.8937
6118.3880	89.4610	30.8331
6171.5140	88.8642	3.2358
6225.1010	88.6360	-24.4453
6279.1530	88.6760	-52.8243
6333.6750	88.8279	-82.0685
6388.6700	89.0398	-112.2081
6444.1430	89.2217	-143.4249
6500.0970	89.3538	-175.7657
6556.5380	89.4214	151.4131
6613.4680	89.4701	118.2238
6670.8920	89.5187	84.7936
6728.8160	89.5684	50.8467
6787.2420	89.5917	16.2144
6846.1750	89.5566	-18.6705
6905.6210	89.5074	-53.4385
6965.5820	89.4801	-88.6282
7026.0640	89.4027	-124.0299
7087.0710	89.3730	-159.5745
7148.6080	89.3919	164.0525
7210.6790	89.2854	127.2540
7273.2890	89.1706	90.9112
7336.4430	89.1497	54.7057
7400.1450	89.1964	18.0038
7464.4010	89.3619	-19.1404
7529.2140	89.6048	-57.2747
7594.5900	89.8364	-96.4239
7660.5340	90.0716	-136.2139
7727.0500	90.2803	-177.0065
7794.1440	90.4824	141.1585
7861.8200	90.6615	98.1827
7930.0840	90.7290	54.2405
7998.9410	90.6682	9.6596
8068.3960	90.5577	-35.1579
8138.4530	90.4686	-80.5516
8209.1200	90.3847	-127.2311
8280.3990	90.2412	-175.0497
8352.2980	90.0006	136.7245
8424.8210	89.6202	88.9317
8497.9730	89.1114	42.2720
8571.7610	88.5523	-3.5172
8646.1890	87.9146	-49.0950
8721.2640	87.1582	-94.4219
8796.9910	86.2053	-139.5090
8873.3750	84.8213	176.0331
8950.4220	83.3182	132.7372
9028.1380	81.7493	89.7683
9106.5300	80.1629	46.7390
9185.6010	78.8267	3.2100
9265.3600	77.5347	-40.9086
9345.8110	76.7101	-85.2796
9426.9600	76.2953	-130.8182
9508.8140	76.1412	-178.2094
9591.3790	76.0240	131.4346
9674.6610	75.7790	79.3169
9758.6660	75.4822	25.6540
9843.4000	75.1825	-29.7027
9928.8700	74.8636	-87.1781
10015.0800	74.5600	-147.1012
10102.0400	74.1961	150.5491
10189.7600	73.6978	87.3414
10278.2400	73.0756	22.7935
10367.4800	72.3998	-42.4702
10457.5000	71.7689	-108.2938
10548.3100	71.2669	-175.4227
10639.9000	70.6715	116.1273
10732.2800	70.0363	47.1377
10825.4700	69.6112	-22.4396
10919.4700	69.3622	-93.3914
11014.2800	69.1207	-167.2657
11109.9200	68.9040	113.7978
11206.3900	68.8233	30.9534
11303.6900	68.9268	-52.7644
11401.8400	69.1943	-136.4028
11500.8400	69.6192	139.3690
11600.7000	70.1415	54.4986
11701.4300	70.6216	-30.7536
11803.0400	71.0020	-116.5229
11905.5200	71.3209	157.6693
12008.9000	71.6089	71.8035
12113.1700	71.8042	-14.6409
12218.3500	71.8688	-100.2977
12324.4400	71.9884	174.7212
12431.4500	72.1230	92.0137
12539.3900	72.2006	14.4307
12648.2700	72.2015	-58.3068
12758.1000	72.1744	-130.4062
12868.8800	72.1078	155.2589
12980.6200	71.8258	75.0442
13093.3300	71.3833	-7.3597
13207.0200	70.8700	-92.1023
13321.6900	70.2867	-178.7173
13437.3600	69.4760	93.7629
13554.0400	68.3544	6.3092
13671.7300	67.3923	-80.8253
13790.4400	66.5045	-167.5719
13910.1800	66.0909	105.7581
14030.9700	66.1396	17.8912
14152.8000	66.4052	-71.4764
14275.6800	66.5644	-162.8764
14399.6400	66.5313	105.5540
14524.6700	66.4585	16.3904
14650.7900	66.5442	-69.9544
14778.0000	66.5925	-155.5795
14906.3200	66.5477	117.4754
15035.7500	66.4972	28.4338
15166.3100	66.5599	-63.1257
15297.9900	66.7372	-156.8813
15430.8300	67.0158	107.9237
15564.8100	67.3768	11.0797
15699.9600	67.7381	-86.6525
15836.2800	68.2556	140.6750
15973.7900	68.9567	-164.9400
16112.4900	69.5566	-21.7059
16252.3900	70.0018	-121.3188
16393.5100	70.4151	139.6191
16535.8600	70.9493	41.4565
16679.4400	71.6271	-55.9087
16824.2700	72.1876	-151.5579
16970.3500	72.6319	115.4230
17117.7000	73.0199	23.9367
17266.3400	73.3397	-66.7444
17416.2600	73.4886	-157.8799
17567.4900	73.4766	112.3781
17720.0200	73.6221	23.9895
17873.8900	74.1255	-65.4651
18029.0800	74.5642	-155.9184
18185.6300	74.9104	113.1083
18343.5400	75.4023	-7.1142
18502.8100	75.8000	-121.2623
18663.4700	76.0552	-167.9840
18825.5300	76.1848	96.1916
18988.9900	76.2673	-0.0672
19153.8700	76.0428	-97.1940
19320.1800	75.8182	165.2288
19487.9400	75.5937	68.0530
19657.1500	75.3692	-29.5342
19827.8400	75.1447	-175.0098
20000.0000	74.9202	3.8273